0.00166955
-0.000730694
0.000333329
0.000602508
0.000939581
2.93672e-005
0.00243866
-0.00116002
0.000822859
-0.000247049
-0.00066039
-0.000931972
0.000448271
0.000609178
0.00658577
0.00816092
0.0020361
0.00738335
0.0109206
0.00249861
0.0117743
0.00330589
0.00995142
0.0117633
-0.004054
-0.00318275
0.000398751
0.00122642
-0.00158785
0.00425393
0.00121287
0.00130079
-0.0006425
0.00613807
0.00514246
0.00141611
-0.00455388
0.000692653
-0.00629123
0.00600568
0.0012624
0.0125714
-0.0173256
0.00997584
0.00549824
0.029348
0.00386306
0.00655567
0.0189743
0.00433707
0.0112847
0.00900621
0.0230848
0.0174783
-0.00165761
0.000715515
-0.0176619
0.00271136
-0.00653318
0.000421111
0.0281887
-0.00247718
0.0152743
0.00561824
0.0183707
0.0146316
0.0224069
0.0117779
-0.0085423
0.00882668
0.0144361
-0.0376165
0.0215752
0.00251661
-0.00117494
-0.0454935
-0.0320853
-0.00890197
0.0133147
-0.0117181
-0.0129458
0.00917291
0.00245443
0.00662859
0.0195382
0.00635235
0.00763381
0.0341396
0.0213051
0.00355345
0.0036094
0.00169477
0.00250959
-0.00446647
-0.0079321
0.00650714
-0.00293165
0.00726623
0.00416096
-0.00150742
-0.00264951
-0.0074748
-0.00424936
0.0150518
-0.00727738
3.69958e-005
0.00537981
-0.0033787
-0.00619234
0.00513673
0.006493
0.00933285
-0.0137972
0.00577641
0.00339208
0.011459
0.00523564
-0.00326356
-0.0175734
-0.0154594
0.0128105
-0.0147118
0.00476831
0.00326646
0.00451096
0.00132685
-0.0025822
0.00244765
0.00227028
-0.00602837
0.00441024
0.0109336
0.00352615
-0.000548197
0.00150569
0.00694874
0.011893
0.00822599
0.0111174
0.0046919
0.00299251
0.00375002
-0.00354502
-0.0104428
-0.00219659
0.000101445
0.00316538
0.00125412
0.00959357
0.00749338
0.0110967
0.00173602
0.000859709
0.000538909
-7.48786e-005
0.000323782
0.00134942
0.00228377
0.00210488
0.000588148
9.14228e-005
0.0048079
0.00612183
0.00367937
0.00124469
0.00117157
0.00127024
0.00149789
0.00157851
0.0103923
-0.00284796
0.00570971
0.00152172
0.000243235
3.65278e-005
0.00294043
0.00125461
0.00782043
0.00366597
0.011304
0.00235753
0.00446095
0.00011666
0.00949123
0.00308286
-0.0100233
0.014594
-0.0019493
-0.0143739
0.00871608
0.00639894
0.0126486
-0.00359877
0.00425153
0.00829283
0.0113773
-0.00871026
-0.000603039
0.00102649
-0.00673221
0.00144069
0.000425488
-0.00230127
0.0072411
-0.0165893
-0.00320646
-0.00765111
0.00978938
0.00467942
0.00538619
0.00373659
0.00140581
-0.00455591
-0.016806
-0.00201078
0.00320982
0.0105803
0.00840319
0.000284636
0.00507424
0.00602866
-0.0136704
0.00388622
0.000952924
0.00421465
-0.000925193
0.00729538
0.0067635
0.00719878
-0.00232783
0.0071279
0.00396328
0.00953813
0.00261754
-0.00665372
0.000745645
-0.00176982
-0.00434841
0.00349208
0.00141976
-0.0103524
0.0176433
0.0150734
-0.00903446
0.0110475
-0.0307354
0.00897515
-0.0122248
-0.0463071
-0.0169081
0.00216528
0.00574651
0.018234
-0.00854441
0.0116973
0.00959502
0.00777822
-0.00333512
-0.00425433
0.00253487
0.0140804
0.0165157
0.0263326
0.00133527
0.00514623
0.000923275
-0.00237869
-0.0007634
0.00365584
0.00133854
-0.00278226
0.00166793
0.00325279
-0.0170383
0.011292
0.00348379
0.0314529
0.0130941
-0.00172304
0.000928747
-0.000324097
-0.000463634
7.04354e-005
-0.00473791
0.0013312
-0.00195708
-0.000155021
0.000614869
0.000935114
0.00254737
0.00714038
0.000411879
-0.00454398
0.000837076
0.0114812
0.002766
0.0116715
0.00211326
0.00107368
0.00109929
-0.00106002
-0.00162879
-0.000832057
-0.000385092
-0.000621326
-0.000980243
0.000666905
-0.000398312
0.00178217
3.55065e-005
0.00159352
0.000407264
0.00898863
0.00636423
0.00801156
0.00529583
0.00203611
0.00478665
0.00305407
0.00739508
0.00495662
0.00977507
0.00983863
0.0101706
0.00382813
-0.000114878
0.00508875
0.00821549
0.0100699
0.00678266
0.0122305
0.0146633
0.0113514
0.0122831
0.00603386
0.00920861
0.0104523
0.00852466
0.000848354
0.00037626
-0.000621795
-0.00253195
-0.00419114
-0.00142851
0.00430175
0.00318139
-0.00277317
0.0010867
-0.00104624
0.000964536
0.00234761
0.00586035
-0.000655475
-0.00184408
0.0015968
4.75394e-005
-0.00156902
0.000481019
0.000942192
-0.000564687
0.0022444
0.00402527
0.000600378
0.00337322
-0.000194983
-0.000380747
-0.000256982
-0.000697388
0.001275
-0.000273518
0.00408003
0.00402706
0.00403024
0.00613421
0.00159204
0.00404871
-0.000819937
-0.00231523
-0.00316966
0.000642686
-0.00485814
-0.00246721
0.00437494
0.0030401
0.00237025
0.00204061
-0.0010482
0.00119223
-0.00297731
-0.00177862
-0.000877987
-0.00319721
-0.00540881
-0.00628629
-0.0185861
-0.00755041
0.0126301
-0.0150246
0.00805155
0.00747543
0.00651769
-0.00316837
0.015715
-0.00931306
0.024275
0.00393853
0.0301933
0.0213883
0.0215061
0.0168717
0.00770433
0.00577851
0.00694757
0.00756274
0.00789025
0.015265
0.00982641
0.0157005
0.0125612
0.0179577
0.0118723
0.00817585
0.000629276
0.00758918
0.000528862
-0.005904
-0.0032343
-0.00275001
0.00189512
-0.002202
0.0008791
0.00649886
-0.000216113
0.00271743
-0.00408115
-0.00141473
0.00350922
0.00268594
0.00452016
-0.0107468
0.00599367
-0.00603967
-0.00573854
-0.0189866
0.0206339
0.00818851
0.0192941
0.0158032
-0.00523142
0.0130697
0.0085781
-0.014599
0.00948353
0.00749225
0.00529352
0.0154333
0.0106143
0.0189697
0.0203687
0.0173482
0.0198563
-0.00640803
0.0138287
0.0105496
0.0147527
0.00281856
0.0108845
0.00747389
0.00466769
0.019255
0.0118507
-0.00306553
0.00246113
0.00397421
0.0171909
-0.00832763
-0.0266242
-0.0425151
-0.0174683
0.0190481
0.0135784
0.00318384
-0.000452034
-0.00348226
-0.00248232
0.00747337
8.17304e-005
-0.00037197
0.00392584
-0.0126361
-0.0346316
-0.0139682
-0.0254394
0.012126
-0.0112887
0.0212226
-0.0169264
0.024349
-0.0210287
0.0273215
0.00976878
0.0204254
0.00326193
0.000468166
0.0165187
0.00262104
0.00806746
-0.0165304
0.00332022
0.0167091
0.00443178
0.0111739
-0.010033
-0.00625488
0.0118765
0.0159737
0.00943743
0.0250988
0.00818453
0.029018
0.0112454
-0.0269893
0.0098125
-0.00709342
0.0178257
0.0385424
0.00221772
0.00336859
0.00447075
0.00419393
0.00486317
0.00336711
0.00312942
0.00302327
0.00333085
0.00219126
0.000849977
0.000230102
-0.00321992
-0.00211779
0.0060933
0.00981648
0.00292783
0.00189203
0.00659028
-0.000848892
-0.00378655
0.00599833
-0.0030493
0.000776086
-0.00174905
0.00278558
0.00421327
0.00257955
0.000872254
0.00394931
-0.00185972
0.000898067
0.00571749
-0.00183022
-0.0022394
-0.00118878
0.000142445
0.0036769
0.00383577
-0.00270473
-0.00323721
0.00659519
-0.00482529
-0.00489474
-0.00811534
0.000961106
0.00404716
0.00700484
0.00546729
-0.0105423
-0.00478865
0.00329959
0.00624414
-0.00530531
-0.00191909
-0.000243812
-0.00466713
0.00684458
0.00578759
-0.00663505
0.0061694
0.0138951
-0.0128321
0.00942846
-0.00498898
-0.00633876
-0.00470814
0.00569459
0.0124338
-0.00687657
0.0123598
0.0108672
-0.00169038
0.00647826
0.0118261
0.00863812
-0.0112749
-0.0157815
-0.012344
-0.0189775
-0.0092395
0.00600267
0.00120719
-0.00148801
0.00162724
0.00443608
-0.00664645
-0.00612018
-0.00719159
-0.00812339
-0.00702982
-0.00513662
-0.000277939
0.00212538
0.00182691
0.00445647
0.00622538
0.00675259
0.00362118
0.00569559
0.000407658
0.000698632
0.00516207
0.00379311
0.00396855
0.00162432
0.00264934
0.00227802
0.00239318
-0.00012555
0.00441812
-0.000401692
0.00457723
0.00239343
0.00471778
-0.000691288
0.00289658
0.00162778
0.00550089
0.00653565
0.00569986
-0.00174313
0.00511891
0.00678678
-0.00490908
-0.00406723
-0.00436509
-0.000520959
-0.00115294
0.00153184
-0.00272212
0.00364238
-0.000250106
0.00587599
0.00363988
0.00449604
0.00680927
-0.00271883
-0.00307371
0.00870966
0.0126358
-0.00430896
0.00858783
0.00867711
0.00699627
0.000361221
0.00920244
-0.00219942
0.00443512
-0.00275594
0.00197728
-0.00160913
-0.0018891
-0.00538462
-0.00804081
0.00655176
-0.0108178
-0.0113611
0.010188
0.0120598
-0.0141567
-0.00716419
-0.00089588
-0.0054903
0.0018315
0.00368771
0.00247625
0.00214169
-0.00364354
0.00100197
-0.00360315
0.00436791
0.0063472
0.00726815
0.00993518
0.00726851
0.0130546
0.0111957
0.00840694
0.00739821
0.00806049
0.00206291
-0.00746114
0.0048073
0.00770297
0.0101767
-0.00202183
-0.000431807
-0.000387127
-0.000250986
-3.57731e-006
0.000134983
0.00155512
0.0020746
-0.000536216
-0.000294325
2.68447e-005
0.000980068
0.000616729
0.00319881
0.00531773
0.00684604
0.00554534
0.00126928
0.000746867
0.000951934
0.00134818
0.000886648
0.00195171
-0.0009281
0.00135417
0.00108023
-0.000520646
0.00571875
0.00505686
0.00592969
0.00181213
0.00126734
-0.000810347
0.00384753
0.0063091
0.000990304
-0.00195282
0.00353841
5.66254e-005
0.00656451
0.00942491
0.00694771
0.00265452
0.0010777
-2.17636e-006
-0.000438461
-0.000473224
0.00192942
0.00144607
0.00183098
0.00203614
2.93604e-005
0.000166026
-0.000343808
-0.000315813
0.00104543
0.0112468
0.00769378
0.00567925
0.00497132
-0.0075732
0.00712895
0.0056943
0.00555354
0.00842588
0.00724704
0.00364512
0.00608071
0.00789453
0.00821476
0.0130133
0.0100548
0.00685653
0.00399918
-0.00355848
0.000267589
0.00682739
-0.00510274
-0.0105258
-0.014039
-0.00359938
0.00263238
0.00198628
-0.00060444
-0.00684142
0.0122301
-0.00834992
-0.0111494
-0.00390957
0.00837093
-0.00407224
-0.00692171
-0.00262215
-0.0105213
-0.00784086
-0.00526809
-0.00178107
-0.00170704
0.00472159
0.00191344
-0.00126395
-0.00268597
0.00931122
0.00681623
0.00795971
0.0120989
-0.00296788
0.00880945
-0.00359031
-0.00168508
0.00329586
0.00494589
0.000181953
0.00657704
0.000785167
-0.0072131
-0.00390764
-0.00174747
0.00555537
0.00316618
0.0049979
0.00174548
-0.00027377
0.000717554
0.00167326
0.0057742
0.00456696
0.00353863
-0.00135199
0.00300315
0.00196551
-0.000358761
-0.00962375
-0.00612893
-0.00507362
0.0057833
0.00984248
-0.00568862
0.00184122
0.000363269
0.00378775
0.00669243
0.00615121
0.00633857
0.00514145
0.00452002
0.00215681
-0.000471076
0.00309089
-0.00229109
-0.00726236
0.00434571
-0.00515553
-0.00344593
-0.00691198
0.00249469
-0.00127098
-0.0188238
0.00165517
-0.0106604
-0.00673178
0.00582837
-0.00725363
0.00617924
-0.00165368
-0.0136086
-0.0157026
-0.00761567
0.00907335
0.0114329
0.0102096
0.00622035
0.0019637
-0.00972441
0.0146809
0.0121906
0.0118005
-0.00452901
0.00599688
-0.00381313
-0.013607
0.00241299
0.00425344
0.00590976
0.00701908
-0.00305563
0.00669984
-0.00818907
0.00342701
0.00390388
0.00110765
0.0059987
0.00387566
0.00397618
0.0107155
0.00793629
-0.00251654
0.000761667
-0.00493581
0.006114
-0.00306057
0.00342582
0.000108777
-0.0013266
-0.00104982
-0.00156673
0.00990078
0.00887023
0.00630431
0.00453051
0.00122311
0.0166492
0.00297788
0.00447853
0.00291039
-0.00316264
0.000580176
-0.0016985
0.00236051
-0.00246434
-0.000951403
0.00279916
0.000944928
-0.00381632
0.00652899
0.00320779
0.00608141
-0.00323275
-1.85222e-005
0.0033175
0.00228861
0.00313477
0.00322903
0.00424784
0.00458535
0.00412136
0.00334059
0.000664549
0.0105756
0.0201258
0.0112495
0.0292645
-0.0263105
0.0253838
-0.0421296
0.0248769
0.0155755
0.0110088
0.00324562
-0.00802759
0.0108302
-0.0128141
0.0202865
0.00387953
-0.0134515
0.0178248
0.0275507
-0.0152691
0.00333109
0.0016499
0.0204207
0.00920184
0.00411319
-0.00823312
-0.0204374
-0.0165365
-0.0105473
-0.0247781
-0.0306667
-0.0121134
0.00380366
-0.00260093
-0.000834042
-0.000504333
0.0025034
0.00726101
-0.000129046
-0.00339936
0.0195893
0.0189178
0.0136659
-0.0176508
-0.0270014
0.0175598
0.00224168
-0.00258161
0.00465756
0.0117312
0.0140785
0.00715093
0.00791379
0.00367728
-0.00483695
0.00403479
0.00644238
-0.00349323
0.0106503
0.0138453
0.0114926
0.0114467
0.0144937
0.0147023
0.0174728
0.0146683
0.00762058
0.00912213
0.0153445
0.0151845
-0.0209293
0.0120223
0.0131053
0.0194656
0.00590478
0.00877142
0.0065277
0.0203562
0.018937
-0.00309779
-0.00250641
-0.0059673
7.50026e-005
-0.00644729
0.00345423
-0.0116026
0.00335028
-0.000445248
0.00249571
0.0065527
0.000895991
0.00219718
-0.00214286
-0.00319746
0.00212163
0.00346809
0.0025778
-0.00558465
-0.00729341
0.00165981
0.000212536
0.00728679
-0.00863521
0.00808282
0.00619995
0.00761647
0.0119067
0.00904705
0.00789588
0.00698389
0.0170373
0.00584823
-0.0131661
-0.00151418
0.0232441
0.0302633
0.0242934
0.0165119
-0.00551572
0.00860302
0.0133725
-0.0180213
-0.00631293
0.0058168
0.00100392
-0.000956101
-0.000726746
-0.000286511
-0.00121411
-0.000410024
-0.00194638
-3.76114e-005
-0.000109994
-8.84787e-005
-0.000613905
-0.0022546
-0.00287236
-0.00143618
0.00246584
0.00413018
-0.00509677
-0.00315583
-0.000124239
0.00165151
0.00405312
0.00401839
0.00117058
2.41916e-005
-0.000549987
0.000350818
0.0023054
0.00107117
-0.000499414
0.00138052
0.000534686
0.00143819
-7.47331e-005
-0.0018567
-0.00152598
0.00181936
0.00601631
0.00434737
0.0107771
0.000616625
-0.00133646
-0.000785195
-0.00278524
0.00464996
-0.00392742
-0.00245973
-0.000200885
0.00114654
0.00266654
0.00724793
0.00680042
0.00382905
0.0082996
0.00913941
0.0122127
0.0141989
0.0126342
0.00971684
0.0109592
-0.000856072
0.00576471
0.00829501
0.00636766
0.0041714
0.00178759
0.0011992
0.00143178
0.000967413
-0.00122391
-0.000328534
-0.000671319
0.00113236
0.0140972
0.0114626
0.0103818
0.00962507
0.00597271
-0.00433757
-0.00862282
-0.00367346
0.00945941
0.00619198
0.0101944
0.0111791
0.014413
-0.000543209
-0.00185437
-0.00085367
-0.000405652
-0.00138551
-0.00128593
-2.38633e-005
-0.000985119
-0.00116471
0.000456895
0.000172803
-0.000495997
0.00135313
0.000689593
0.000520164
0.00247647
0.00119302
0.00104449
0.00700186
0.00744061
0.00765536
0.00618804
0.00591671
0.00677362
0.00445223
0.00353906
0.00428018
0.00578261
0.00618992
0.00471805
0.0085786
0.0102278
0.00924567
0.00957932
0.0102189
0.0104845
0.00149616
0.00152266
0.00329943
0.00939932
0.00860566
0.00768034
0.011104
0.0105285
0.010685
0.014117
0.0135645
0.0127382
0.0136612
0.0118438
0.0107351
0.0105542
0.00961892
0.0108076
0.00891742
0.00792571
0.00858614
0.00753603
0.00685784
0.00407625
0.00621665
0.00818067
0.0075148
0.00154887
0.000723686
0.00166954
-0.00164076
-0.00115727
-0.000353017
-0.00329607
-0.00279896
-0.0017719
-0.00512352
0.00369596
0.00507844
-0.0047707
-0.00367128
0.00312401
-0.00171627
-0.000274458
-0.000696937
-0.0013469
-0.000470696
-0.000442357
0.00637553
0.00853454
0.00722975
0.00533673
0.00353532
0.00326733
-0.0012176
-0.00161308
-0.00101839
0.00250631
0.00182765
-0.00167902
0.00134358
0.00122033
0.000879859
3.97685e-005
0.000690935
0.00034536
0.00178606
0.00322285
0.00276865
0.00144958
0.00201499
0.00283147
-0.000252086
-0.00028117
0.000173636
-0.000324802
-0.000617069
-0.000716091
0.00039862
0.000393246
-0.000226989
0.00274729
0.00408891
0.00273188
0.00405246
0.00517164
0.00523657
0.00291619
0.00303368
0.00411649
0.000435339
-0.000499753
0.000390643
-0.00276606
-0.00150263
-0.00115436
-0.0035717
-0.00372816
-0.00260019
0.000285786
0.0039036
-0.00104584
0.00332981
0.00216206
0.00338806
0.00133331
0.0013961
0.00217128
-0.00230941
-0.00222965
-0.00156342
-0.00274568
-0.00160268
-0.00208139
-0.000246885
-0.000487417
-0.000547201
-0.00151613
-0.00120192
-0.00143324
-0.000642926
-0.00102847
-0.00153517
-0.00223311
-0.00126701
-0.000295351
-0.00531217
-0.000691205
0.000623736
-0.0115855
-0.0113668
-0.00701268
0.018738
-0.0189084
-0.021963
0.0103939
0.00840637
0.00980685
0.00741667
-0.00683409
0.00637234
0.0155025
0.00436401
-0.00830642
0.0215965
0.0139891
0.0140427
0.0297297
0.0306163
0.0250897
0.0312468
0.0219639
0.0241827
0.01319
-0.0116626
0.00127743
0.00551446
0.00663615
0.00808546
0.00690781
0.0121214
0.00980642
-0.00441306
0.0105485
-0.00251607
0.00838805
0.0127295
0.0107289
-0.00201239
0.00205924
0.0156508
0.00982269
0.0116952
0.0147578
-0.00490565
0.00631037
-0.00167099
0.00517042
0.0123224
0.00773865
0.00385343
-0.00468101
-0.00757832
-0.00276149
-0.00157345
-0.00118387
-0.00693601
-0.00298691
-0.00341331
-0.000825696
0.00197551
-0.000102023
0.00244081
-0.00322271
0.0050401
-0.000332176
0.00202082
0.000434301
-0.00303783
-0.00401044
0.000951163
0.00477344
-0.00625162
0.00946277
0.00318552
0.00213436
-0.0014547
-0.0022529
-0.000782212
0.00433695
-0.000426476
-0.0055277
-0.00132711
-0.0026754
-0.00212004
-0.00351943
4.97906e-005
-0.00504868
-0.00335056
-0.00523092
-0.0189732
-0.00492197
0.00132329
0.00566588
0.00899164
0.0104938
0.0043415
0.0119937
0.0124189
0.009831
0.00878553
0.0116268
0.019572
-0.0172619
0.0158733
0.0137927
0.0127227
0.0161058
-0.00110686
-0.00142848
0.00624466
0.0114624
0.0124343
0.00860179
0.0174205
0.0183374
0.019443
0.0228192
0.0204295
0.0174057
0.00369591
-0.0122709
0.00624408
0.0120747
0.0101667
0.0136238
0.0108073
0.00967938
0.0091868
0.0136364
0.0109708
0.00959452
-0.00048899
0.00452793
0.00410295
0.00310396
0.00841872
0.00683934
0.00738535
0.0151131
0.0153944
0.0173541
0.0058471
0.000943374
0.00760537
-0.00589119
0.00451414
0.00642996
0.00204503
0.00124938
-0.00366002
-0.0226515
-0.0349425
0.0336776
-0.0220502
0.0224203
-0.026636
-0.00100489
0.0139015
0.00155384
0.012169
0.0236129
0.022026
-0.00220354
0.00320987
-0.00154207
0.00144651
0.00267573
-0.00232688
0.00388961
0.00123524
0.00490229
-0.000165117
-0.000110125
-0.00146243
0.000258382
0.00273222
-0.000225413
-0.0226249
0.00149368
0.00445597
-0.0370945
-0.0156036
0.00345051
0.00209429
-0.0148009
0.00230112
0.00358462
-0.0334409
-0.0203255
-0.0136316
0.0185076
0.00748527
0.0143084
0.0158698
0.00993832
0.00609072
-0.0139699
-0.00968042
-0.0199143
0.00237771
0.00576337
0.00574052
0.00411823
-0.00264648
-0.0320552
0.0304088
-0.0332751
-0.00287103
-0.00436514
0.00610421
-0.00556731
-0.00646995
-0.0136066
0.0125573
0.0138479
0.0114562
0.0115908
0.00985228
0.0254911
0.0164375
0.0161734
0.0337795
0.0262067
0.0217399
-0.0368822
-0.0337743
0.0415872
-0.0056587
0.00399027
0.01873
0.00455791
0.0219353
0.0161099
0.028506
0.0269113
0.00278035
0.00212778
0.00165348
0.00409574
0.0044485
0.00377366
0.00437753
0.00464227
0.00485816
0.00390458
0.00361829
0.0039158
0.00365377
0.0033902
0.00363161
0.00265634
0.00199955
0.00264803
0.00150571
0.00242911
0.00253397
-0.00153908
-0.00265038
-0.000588444
-0.0045437
-0.00775174
-0.00650365
0.00390607
0.00209056
0.00355584
0.00402013
0.00383585
0.00140343
-0.00545425
0.0058634
0.0059715
-0.00197374
-0.00105518
-0.00296317
0.00163994
-0.00104633
0.000172835
-0.0021539
-0.000304933
-0.00087607
0.00301839
-0.00275824
0.00202739
-0.00440746
0.00403871
0.00455488
0.00371925
0.00179274
0.0034273
0.00231944
0.00676534
0.00749729
0.000951141
0.00488337
0.00381482
0.000512974
0.00104338
0.00373683
0.00904147
0.00798333
0.00826272
0.00223295
0.00324104
-0.00268214
-0.000791577
-0.00165645
-0.00306625
0.00316137
0.00363249
0.00126714
-0.00101034
-0.00342442
-0.000333202
-4.53152e-005
0.000430898
-0.00313473
-0.00677159
-0.00724102
-0.00822295
-0.00130811
0.00236391
-0.000408199
-0.000244862
0.00246776
0.00358705
0.00932872
0.00524614
0.00711319
0.00553904
0.00456519
0.00313189
0.00492278
0.00454996
0.00376768
-0.00999653
-0.00607437
-0.00633248
0.00394455
0.0053128
0.00495077
-0.0048914
-0.000354789
-0.00408734
-0.000992826
0.00376016
0.00254774
0.00563136
0.00665614
0.00618789
0.00375215
0.00458998
0.00557549
-0.0144743
0.013368
0.0121313
-0.00967508
-0.0055391
-0.0099796
-0.004666
0.000836338
0.00118009
-0.00997898
-0.0102918
-0.00537047
0.0130477
0.0113453
0.00954615
0.0137337
0.0116012
0.0110743
0.00279961
0.00352287
0.000347884
0.00928074
0.00935224
0.00908965
0.0114865
0.0120007
0.0116318
-0.013397
-0.0181462
-0.020938
-0.00629179
-0.00694405
-0.0112183
-0.00583748
0.000488793
7.78712e-006
-0.0108067
-0.00377633
-0.00166469
-0.0120286
-0.00492793
-0.0146767
0.00556773
-0.0045594
-0.00122977
-0.00944774
-0.00432783
-0.0076259
-0.00727244
-0.00754421
-0.010542
-0.00119757
-0.00285861
-0.00715565
-0.00307366
-0.00124489
-0.00405296
0.00183635
0.000916394
0.00274834
0.00334188
0.00329587
0.00180896
0.00549399
0.00558616
0.0048724
0.00664666
0.00691097
0.00661631
0.00521334
0.00487778
0.00605047
0.00224535
0.000525007
0.00218077
0.000978713
-0.000977476
-0.00192174
0.00762032
-0.00636227
0.00783631
-0.00798671
-0.00559741
-0.00377976
0.00413166
0.00415773
0.00453502
0.00409431
0.00430308
0.00409264
0.00328426
0.00250706
0.00329876
0.00272395
0.00140003
0.00195283
0.0038198
0.00286013
0.00164109
0.00452937
0.00360523
0.00339528
0.00529285
0.00513796
0.00490541
0.000956539
0.00153406
-4.5146e-005
0.00159867
-0.000409344
0.000223472
0.00341993
0.00592134
0.00357274
0.00536313
-0.00485969
-0.00730346
0.00504779
0.00621532
0.00637385
0.00376735
-0.00501107
0.00584297
-0.00579017
-0.00279343
-0.00406662
-0.00279633
-0.00547724
-0.00302013
-0.000497274
-0.0027023
-0.00276327
0.000144536
-0.000315189
-0.00206199
0.0021672
0.00143082
0.00133064
0.00484311
0.00517062
0.00424225
0.00546174
0.00583668
0.00648467
0.00219878
-0.000577394
0.00213639
-0.00244478
0.00279623
0.0025986
-0.00958752
-0.00913564
-0.00352605
0.0113562
0.00949189
0.010656
0.00802363
0.00601229
0.00721086
0.00894836
0.00431115
0.00376064
-0.0110169
-0.004532
0.00852218
-0.000272602
-0.00266896
0.00111245
0.000350338
0.000467211
0.0027868
-0.00321846
-0.00424718
-0.00315234
-0.00675227
-0.0051749
-0.00508231
-0.00961905
-0.0124437
-0.0106854
-0.00696522
-0.00578457
-0.0104986
0.00126941
0.00100198
-0.00461876
-0.00234954
-0.0109247
-0.00209901
-0.0118584
-0.0138282
-0.0165248
-0.00399949
-0.00323257
-0.00623635
0.000937669
0.00286118
0.00155794
0.00208389
0.00306566
0.00301379
-0.00115459
-0.000277631
0.000808249
-0.00877646
-0.013483
-0.00765056
-0.00511775
-0.00676459
-0.00770026
-0.000284163
0.0010651
0.00311734
0.00701146
0.00618424
0.00535129
0.00854357
0.00841275
0.00748442
0.0116751
0.0126222
0.0111052
0.0112462
0.00813927
0.0104422
0.00842382
0.00513386
0.00518839
0.00740524
0.0052077
0.00635225
-0.00078485
0.00812304
-0.00347051
-0.00102262
0.00740596
-0.000258378
0.00643753
0.00687898
0.00606379
0.0095803
0.0110541
0.00924062
-0.00135014
0.00053486
4.4562e-005
-0.000515274
0.000399394
-0.000118172
-0.000467907
0.000503341
-4.90396e-005
0.000971966
0.00158171
0.000881892
0.00130356
0.00191635
0.00120464
0.00187484
0.000544885
0.000742918
-5.2224e-005
0.000631136
0.000105797
0.000893674
0.00106382
0.0015009
0.00461954
0.00644632
0.00514764
0.00626425
0.00794012
0.00892001
0.00352342
0.00254519
0.00457972
0.00078246
0.000665918
0.000218296
0.00122128
0.00156566
0.00143757
0.00103188
0.000288247
0.000459161
0.00416341
0.00625435
0.00367039
-0.000137434
0.00136814
0.000483393
-0.00194525
-0.00105805
-0.00170003
-0.000102262
-0.00161571
-8.73607e-005
0.00529414
0.00536988
0.0059101
0.00561282
0.00554496
0.00611525
0.0012772
0.000216894
0.000429734
0.00513943
0.0030229
0.00242125
0.000603667
0.00122016
0.000862401
0.00358297
0.00407015
0.00462136
0.0078584
0.00714884
0.0084657
0.00517723
0.00314687
0.00411355
0.00163118
0.00153996
0.0019175
0.000306849
-0.000331573
0.00011232
0.000469376
0.00175191
0.000592693
0.00180742
0.00115216
0.00105249
0.0014582
0.000914968
0.000825056
0.00053955
-0.000404083
2.34803e-005
0.000425512
-0.000436258
-7.63832e-005
0.000623197
-0.00124008
8.20898e-005
0.010534
0.00952842
0.0087669
0.00623475
0.00655328
0.00558864
0.00784029
-0.00131487
-4.12362e-005
0.00656063
0.00661041
0.00535989
0.00827106
-0.000596094
-0.00335157
0.00506503
0.00723686
0.00622741
0.00495845
0.00828207
0.00498282
0.00788905
0.0110156
0.0100403
0.012625
0.0118557
0.0112777
0.00844608
0.00842492
0.00725436
0.00571855
0.00663261
0.00499719
0.0008918
-0.000399354
0.00281069
-0.00657837
-0.00487485
-0.00736351
-0.0134073
-0.00870436
-0.00760893
-0.000257742
-0.00106858
0.000881608
0.003177
0.00224762
0.00312611
0.00295628
0.00115904
0.00172057
-0.0028784
-0.00365213
-0.00584311
-0.0135995
-0.0116646
-0.0163834
-0.0109509
-0.00214158
-0.00220889
0.00181865
0.00169617
-0.00395204
-0.00562262
-0.00671693
-0.010166
-0.012154
-0.00939269
-0.010472
-0.00496746
-0.00659661
-0.00486652
-0.00397716
-0.00307894
-0.00278977
0.000737567
0.000393605
0.00285752
-0.00268306
-0.000211666
0.00110992
-0.00457707
-0.011004
0.00876607
0.00465054
0.0088862
0.00392469
0.00565733
0.00754973
0.00662406
0.00891582
0.0106972
0.01025
-0.00906826
-0.00946942
-0.0033833
0.00285247
-0.00237703
0.00265787
-0.00234901
0.000455154
0.000486128
0.00450447
0.00459133
0.00497611
0.00445814
0.00400205
0.00360756
-0.00462119
-0.0024542
-0.00502864
0.00699549
-0.00588456
0.00581147
-0.00470377
0.00768366
-0.00507421
-0.00416618
0.00419959
0.00631739
-0.00583744
0.00507254
0.00699568
0.00509658
0.00340913
0.00339583
0.000425995
0.00172967
0.000922879
0.0010883
2.43571e-005
-0.000619638
0.00568996
0.00581518
0.00547734
0.00336711
0.00431661
0.00268306
0.00071384
0.00262308
-0.000732047
0.00321301
0.00357605
0.00424008
-0.00536481
-0.00825998
-0.00359665
-0.00642845
0.00767772
0.00791934
-0.00103479
0.000954959
-0.00211581
0.000552298
0.00233048
0.00236031
0.00511811
0.00538497
0.00623152
0.00691574
0.006671
0.00670655
0.00579384
0.00560558
0.00506222
0.00333243
0.00335302
0.00183865
0.000857726
0.00175288
0.00275704
-0.00140887
-0.00311879
-0.00410057
-0.00293619
-0.00122247
-0.0071173
-0.00785751
-0.00738254
-0.0104888
-0.00448115
-0.00967385
-0.00780665
-0.00449226
-0.0116536
-0.0139604
-0.00286875
-0.0105139
-0.00118556
-0.00146533
0.0114085
-0.00722172
-0.00694755
-0.0122752
-0.0191746
-0.0141723
-0.0212952
-0.00801241
-0.000215923
0.00194395
0.0121504
0.0115239
0.0114057
0.00881211
0.00898385
0.00856629
0.00339744
0.00283586
0.00047355
0.0119595
0.0140929
0.0110842
0.0107634
0.0125818
0.00880806
-0.0104335
-0.00993732
-0.00530296
0.00114576
-0.00401338
0.00190594
-0.00467418
-0.00950795
-0.0110844
0.0144799
-0.0149005
0.0129275
0.00376403
0.00252311
0.00483473
0.00515034
0.00338019
0.00330898
-0.00309958
0.000374241
-0.000664325
-0.00636073
-0.00516938
0.00546416
0.0037727
0.00483534
-0.00612571
-0.0100313
-0.00636613
0.00467754
0.00496968
0.00372757
0.0046539
0.00555495
0.00327402
0.00516109
0.00910718
0.00690833
0.00219275
-0.000523223
0.00327431
0.00226843
-0.00130449
-0.000425159
-0.007312
-0.00684439
-0.00830152
9.60778e-005
-0.000396781
-0.00349862
-0.00361375
-0.00130973
-0.000528626
0.00355769
0.00295104
0.00127185
-0.00144698
-0.000815133
-0.00277017
0.00360733
0.00253739
-0.00266375
0.00862295
0.00989457
0.00890001
0.0016536
0.00118368
0.00433352
0.00561333
0.00151917
0.00432612
0.00705982
0.00275976
0.00775649
0.00215166
0.00406303
0.00370021
0.00424867
-0.00457637
0.00474555
0.00247242
0.00289061
0.0020142
-0.00019354
-0.00212324
-0.000802761
-0.00148056
0.00135989
-0.000455569
-0.00106755
-0.00194568
-0.00303123
0.00584282
-0.00540449
0.00590812
0.00408109
0.00420235
0.00182599
0.00231589
0.0040637
0.00357506
-0.0076054
-0.00445223
-0.00637893
-0.0027478
-0.0016724
-0.000785738
0.0023458
0.00149455
0.00256151
0.00212345
0.00273717
0.00281893
0.00342754
0.00362241
0.00357014
0.00356831
0.00385058
0.00394472
0.00476008
0.00445841
0.00502864
0.00454114
0.00414107
0.00383516
0.00213872
0.00279551
0.00169845
0.0285766
0.0174552
0.0274241
0.00616803
0.0190535
0.0234126
-0.00511727
0.0039054
-0.0330573
-0.036266
-0.0426282
0.0258407
0.0333354
0.0212195
0.0163195
0.0250729
0.0159277
0.0115537
0.0108013
0.00984785
0.0125662
0.0133113
0.00422253
-0.0168571
0.00516656
-0.00545725
-0.00361723
-0.00245754
0.0310343
-0.0314564
-0.0321986
-0.00169624
0.00484268
0.00685641
0.00255637
0.00659328
-0.00928751
-0.0143827
-0.020219
0.00981762
0.0154656
0.00561535
0.00739463
0.0183161
0.0145412
-0.0201964
-0.0337435
-0.0133008
0.00254566
-0.016743
0.00673099
0.00369707
-0.0251391
-0.00254902
-0.0374449
-0.0177047
0.00122338
-0.0232839
0.00338379
0.00426952
-0.0182471
-0.00241182
0.00278475
7.52815e-005
-0.000242521
-0.000666858
-0.000637089
0.00203065
0.000667295
0.0033821
0.00440679
0.00268412
0.0014451
-0.00220099
0.00320449
-0.00229402
-0.00170097
0.0229829
0.0118995
0.0216451
0.0140615
-0.00106419
0.00137787
0.0224227
-0.0222932
-0.0269538
-0.0350687
-0.0230728
-0.0339543
0.00139247
0.00199754
-0.00378638
0.00434552
-0.00567973
0.0062144
0.00131881
0.00598002
0.00753378
0.015569
0.0149557
0.0173702
0.00703215
0.00818351
-0.0060784
0.00314606
0.00374246
-7.47098e-005
0.00939491
0.00471437
0.0126192
0.00995968
0.00973677
0.010897
0.0102689
0.0112871
0.0127592
0.0142729
-0.0122461
0.00351936
0.00599911
0.0190215
0.0217283
0.0163683
0.0170668
0.0158649
0.0182927
0.0124351
0.0112361
0.0097303
-0.000365011
-0.000792379
0.00696505
0.0122002
0.0127607
0.015198
-0.0194021
0.0181948
0.01538
0.00738696
0.00753843
0.00976254
0.0112963
0.0104902
0.0116393
0.00533251
0.00631796
0.00931502
-0.00773772
-0.0208554
-0.00120773
-0.00317186
-0.00511475
-0.00535192
-0.0038954
-0.00234054
-0.000100018
-0.0016206
-0.00708203
-0.00335835
0.00361722
0.000223764
-0.00131216
0.000484161
-0.00182863
-0.00261996
-0.00069592
-0.00548939
0.00468632
0.00926485
-0.00381802
-0.00296447
0.00102973
0.00208822
-0.0002434
0.000561193
-0.00320192
0.00265196
-0.0051456
0.00220318
-0.000563658
0.000197123
-0.00267945
-0.00664021
-0.00319303
-0.0012136
-0.0028567
-0.000943895
-0.0044678
0.00349445
-0.00753216
0.0119681
0.0046133
0.00717341
0.00675921
-0.00381774
-0.00125518
0.0107832
0.0088726
0.014122
0.00163085
-0.00294222
0.0151635
0.0121713
0.0079768
0.0105559
0.010721
-0.00642626
-0.00486018
0.0120766
0.00690101
0.0100399
0.00669295
0.00526283
0.0077677
-0.0100208
0.0152769
0.00340349
0.0223272
0.031799
0.0242984
0.030608
0.0298106
0.0240196
0.0135598
0.0216951
0.013898
0.00561395
0.0174801
-0.00735053
-0.00686729
0.00786238
0.00668577
0.00902559
0.0111074
0.0105439
-0.0170682
0.0193933
-0.0207162
-0.0110672
-0.0113612
-0.00686114
-0.000780045
-0.00542441
0.000497062
-0.0013634
-0.00226307
-0.000488619
-0.000595111
-0.000605963
-0.00121207
-0.00113525
-0.00144283
-0.00165349
-0.000233237
-0.000105748
-0.000260542
-0.00146457
-0.00266812
-0.00192958
-0.00227768
-0.00245699
-0.00183483
0.00107551
0.00107043
0.00216519
0.00237481
0.00358169
0.00360144
0.00350381
-5.51088e-005
-0.00141716
-0.00384781
-0.00368507
-0.00259808
-0.00148961
-0.00273984
-0.00112883
-0.000267133
0.000608947
0.000547758
0.00308567
0.00294641
0.00415418
0.0051888
0.00401809
0.00521458
0.00399586
0.0026654
0.00260778
0.000475815
0.000523352
6.98236e-006
-0.000285368
-4.81997e-005
-0.000397027
-0.000176619
-0.000317654
8.12545e-005
0.00192912
0.00140488
0.00294772
0.00299813
0.00173167
0.00236329
0.00048827
-0.000656012
0.000924053
0.000861275
0.000969345
0.000771764
0.00175288
0.00240414
-0.00184245
-0.0015843
-0.00123763
-0.000908641
0.00359567
0.00490161
0.00321964
0.00843704
0.0068509
0.00749384
-0.000565322
-0.00145656
-8.06547e-005
0.000308419
-0.00155316
-0.000239279
-0.00369601
-0.00490034
0.00362539
0.004031
-0.00507477
-0.00485675
-0.00232025
-0.00309086
-0.00134972
-0.00131533
-0.00206727
-0.000823734
0.000739027
0.00150993
0.0017388
0.00650337
0.00511808
0.00536746
0.00800046
0.00883591
0.00848858
0.00952478
0.0105384
0.0107147
0.0114438
0.0134232
0.0103432
0.0130721
0.0142727
0.0128474
0.0107689
0.0117641
0.0111841
0.00946392
0.00987273
0.00801744
0.00137993
0.00111677
0.00247605
0.00873818
0.0085594
0.00860565
0.00848515
0.00712724
0.00779769
0.0054652
0.00508489
0.00408691
0.00346637
0.00386506
0.00318836
0.00123405
0.00144885
0.00102934
0.00044422
0.00131224
0.000552538
0.00038407
0.000316928
-0.000666057
-0.00123167
-0.0004299
-0.000882602
-0.000501707
-2.2458e-005
-0.000410951
-0.00159327
-0.000943577
-0.000872995
0.00879534
0.00921315
0.0114946
0.00926264
0.0107826
0.0112693
0.00948942
0.00948451
0.0108499
0.0105825
0.00993286
0.010687
0.00142974
-0.00249356
0.00192099
0.000677594
-0.00644313
0.00378321
-0.00790324
0.00177509
0.00463454
0.00783854
0.0058487
0.00673848
0.0100632
0.010616
0.0105375
0.00910856
0.0104562
0.0103797
0.0095724
0.0127208
0.0102801
0.00560406
-0.0013328
-0.00447893
0.0119409
0.0148205
0.0115591
0.00677739
0.00564071
0.0080478
0.0012005
-0.000630529
-0.00784293
0.00202658
0.00236586
-0.00196964
-0.00289641
-0.0187958
0.00328434
0.00123883
-0.000863333
0.000222293
0.00102576
-0.0011885
-0.00121172
-0.000318204
0.00153712
-0.00106318
-0.000509059
-0.000891521
0.000913724
-0.00130233
-0.000784188
-0.000338145
0.00114064
0.000282592
-0.00028342
-0.000421735
0.00338829
0.000802051
0.000386114
0.000451293
0.00184022
0.000531241
0.00024111
0.00931695
0.00801806
0.00811702
0.00573326
0.00680514
0.00772837
0.00239864
0.00520083
0.00491468
0.00129764
0.00318478
0.00559961
0.00376636
0.00224393
0.00331001
0.00690039
0.00765623
0.00653655
0.00884427
0.00832179
0.0103138
0.0113711
0.00994402
0.00954079
0.00665219
0.00623669
0.00228564
0.000865453
-0.0012415
0.00419963
0.0061968
0.00644575
0.009401
0.0109451
0.00975212
0.00816735
0.0126964
0.0105003
0.00970599
0.0138443
0.00936933
0.00818198
0.00439933
0.0120407
0.0113486
0.00792142
0.0103067
0.00968176
0.00941272
0.0099678
0.00930909
0.00590459
-0.000135027
0.00207714
0.000899284
0.000160288
0.000475176
-0.00211349
-0.00341254
-0.0012214
-0.000441631
-0.00431641
-0.00377587
-0.00228045
-0.00469607
-0.00473574
0.00226731
0.00163685
0.00050616
-0.00372112
-0.00107149
-0.00196753
0.000882341
-0.00234944
0.000335816
0.00120711
0.00235262
0.00252479
0.00434062
0.00678109
-0.000401225
-0.00113231
-0.00159493
-0.000975789
0.000518014
0.00203866
0.00122503
-0.000332781
0.000404033
0.00164599
0.000824753
0.000880157
-0.000463936
0.000186672
0.00115159
-0.00133805
0.00369054
0.000788391
0.00344371
0.00408336
0.00404608
-1.73294e-005
0.000981926
0.00246226
0.000294674
-0.000502106
-0.000982193
-0.000732616
0.000411173
0.000383999
-0.000617193
-0.000631616
-0.000637402
0.00127355
0.00128236
0.000334188
0.00268042
0.00273853
0.00526211
0.00520997
0.00619504
0.00274409
0.00492845
0.00586264
0.00473136
0.00143705
0.00163179
0.00296216
7.73722e-005
-0.00133103
-0.000566432
0.000997829
-0.0034692
-0.00367145
-0.00190584
0.000473234
-0.00137796
-0.0042252
-0.00639592
-0.00330893
-0.00122784
0.00109802
0.00521503
0.00595908
0.00354528
0.00120542
0.00190142
0.000970725
0.0010474
-0.00207622
-0.000811135
0.000990875
-0.00134504
-0.00345216
-0.00210013
-0.00168787
-0.0021547
0.000402953
-0.00413038
-0.00132256
0.000763191
0.00916419
-0.0117802
-0.00188412
-0.00299025
0.0163814
-0.0171424
-0.0105417
-0.0192585
0.0123526
-0.00938891
-0.00417786
-0.00671648
0.00866534
0.00623261
0.00621251
0.00591426
-0.00254929
-0.0168362
-0.0136063
0.0215852
0.0108815
0.00140903
0.0180253
0.00646634
0.0186939
0.0304463
0.0259841
0.021094
0.0196089
0.028029
0.0152048
0.0140442
0.0115097
0.00838461
0.00567034
0.00493874
0.00849819
0.00823042
0.00462903
0.0132193
0.000353629
-0.00494446
0.00829376
0.0119192
0.0129373
-0.00400409
0.0144831
0.0185065
0.0206967
0.00734943
0.00916272
0.00619966
-0.0027608
-0.00106652
0.00263243
0.0127982
-0.00931614
-0.000199319
0.00144931
-0.0022203
-0.00381056
-0.00151146
-0.00120966
-0.00372274
-0.000948688
0.00462911
-4.55216e-005
-0.000266328
0.000558259
0.00372798
0.0043413
0.000130697
0.0116974
-0.00486416
-0.00710215
-0.0046419
-0.00207426
0.000558618
-0.00507702
0.00176466
-0.00227125
0.00211886
0.00751424
-0.00169656
-0.00759529
0.00862831
-0.000925931
-0.00501873
-0.00448438
0.00240912
0.0221486
0.0178545
-0.00244789
0.0199969
0.00390131
0.00522479
0.00678359
-0.00632402
-0.00262166
0.00793354
0.0177759
0.0114186
0.00822471
0.01825
0.00239838
0.000572015
0.00737043
0.00696421
0.0115276
0.0056811
0.00284106
0.00765011
0.0151485
0.015926
0.0136122
0.0179778
0.017379
0.0167612
0.0189239
0.0156116
0.0205949
-0.0176159
0.0149045
0.0128531
0.011666
0.00786739
0.00494846
0.0150173
0.00337609
0.0110616
0.0137266
0.00865911
0.0101164
0.0120901
-0.00363223
0.0091318
0.006406
0.0128713
-0.00297011
-0.00400517
0.00619631
-0.00505794
0.00383091
0.0032541
-0.00621087
-0.0116159
0.0176846
0.00105304
0.03171
-0.0142818
0.0300038
-0.0384909
-0.0304118
-0.0123519
-0.0179552
0.00171522
0.0173803
0.0159595
-0.00136998
-0.00299049
0.00100727
0.000175651
-0.00845121
0.00279429
0.006478
0.00766669
0.00244995
-0.00221985
0.00246521
-0.000663584
0.00047114
0.00737132
0.0234702
-0.0257214
-0.0334645
-0.0474851
-0.0153054
-0.043564
-0.0360985
0.0167525
-0.0139845
-0.027043
-0.0397697
-0.00136159
0.0204932
-0.036852
-0.00579106
0.0190786
-0.0265473
0.0204248
0.00239146
0.00035124
-0.0197983
0.0120187
0.00618893
0.0142304
-0.00512973
0.00209283
-0.00594345
0.00756977
0.00361306
0.00592858
0.00373545
0.00863379
-0.00955385
-0.00994329
0.0259102
0.0148948
-0.00279718
0.0150116
0.0167186
0.0154387
0.0016212
0.0154677
0.00559474
0.00722611
0.0209514
0.0111909
0.00887013
0.00792832
0.0325525
0.0159756
0.00955158
0.00997953
0.0243226
0.0272752
0.0163993
-0.02935
-0.0100976
0.00483097
0.00758739
-0.0311322
0.026292
0.00156828
0.0331752
0.0244675
0.00118392
0.00302184
0.00361904
0.00264794
0.00407671
0.00481333
0.00517681
0.00403083
0.00389826
0.00442567
0.00370555
0.00352085
0.00299458
0.00246933
0.00281259
0.00320768
0.00299024
0.00320763
0.00279879
0.00146542
0.00174924
-0.000616376
-0.00107347
0.000993453
7.94887e-005
-0.00256343
-0.00553723
-0.00490034
-0.00905895
-0.00455887
0.00573728
0.00837928
0.00388235
0.00516224
0.00011835
-0.000153105
-0.0021506
-0.00556499
0.00818863
0.00155862
0.00666073
-0.00361398
-0.00441543
0.00497539
-0.00452418
-0.000761794
0.00272317
0.00257679
-0.00250588
-0.000135265
0.00415791
-0.00201704
0.0045347
0.00466419
0.00276469
0.00499593
0.000133932
-0.001013
-0.00428989
0.000727692
0.00177571
0.00695645
0.00179447
-0.000478103
0.00296559
0.00489005
-0.00287601
-0.00184583
0.00151322
-0.0027079
-0.00035041
-0.00322265
0.00262623
-0.000734969
0.00126678
0.00380905
0.00487513
0.00511914
-0.000205044
-0.000341958
-0.00436991
-0.00558674
-0.0052074
0.004312
0.0089103
-0.00276129
-0.0108167
-0.00485074
-0.00650519
-0.00574514
0.00137396
-0.00141758
0.00429455
0.0054576
0.0137654
0.00319506
0.00583096
0.00496025
-0.00513196
-0.00345775
-0.0157185
-0.00437041
0.00465812
-0.00407742
0.00268188
0.00562069
0.00632321
0.0058965
-0.00341364
-0.00506025
0.00304927
0.00193375
0.00629897
0.00577518
0.00146368
0.00688933
-0.000766833
0.00576916
0.00710614
0.00835481
0.00729723
0.00571557
0.0105033
0.00908048
-0.0156471
-0.0131299
-0.0127821
0.00984603
-0.0104267
-0.00984087
0.000155821
-0.00085191
0.00610498
-0.00992829
6.16291e-005
0.00479678
-0.000763946
-0.0140329
0.00909315
-0.0121689
0.0148494
0.00959586
0.00892143
-0.0028145
0.00137803
0.00671422
0.00642591
0.0100189
0.00924089
-0.0119184
0.0073663
0.00891627
-0.00689527
-0.0033828
-0.00463274
-0.0160324
-0.0198908
-0.0124648
-0.00559363
0.00381515
0.00561956
0.00252507
-0.000624602
-0.01212
-0.0122326
0.00962051
0.00658629
-0.000993971
-0.00449601
0.0105141
-0.0110652
-0.0107721
-0.00127783
-0.00962685
-0.0138252
-0.00503577
-0.00289994
-0.0115121
-0.00149395
-0.00668176
-0.00383055
-0.00145796
0.000854872
0.00311053
5.14456e-005
0.000245577
0.00331101
0.0047243
0.00389789
0.00585885
0.00595108
0.00598007
0.00691909
0.00637062
0.00397259
0.00343833
0.00467182
0.00205191
0.00256702
-0.00239061
-0.00100133
0.0047876
0.00518579
0.0035731
0.00396923
0.0011007
0.00407405
0.00391536
0.00199544
0.00276495
0.0036088
0.0021691
0.0018185
0.000498834
0.00322794
0.000425913
-0.00105062
-0.00140487
0.00524348
0.00309712
0.00112398
0.00207145
0.00528973
0.00391985
0.00280297
0.00432599
0.00464426
-0.00236875
0.000827082
0.00132522
0.00273951
0.00220791
0.00194092
-0.00413916
0.00333568
-0.00846492
-0.00791068
-0.0043846
0.0035969
-0.00185659
0.00152964
-0.000639076
0.00337637
0.00725596
0.00741141
0.00839982
0.00175707
-0.0078376
-0.00097088
-0.00369516
-0.00629586
-0.00263802
0.00209854
0.00105237
-0.00284112
-0.00289277
0.00226492
0.000977041
-0.00133347
5.72396e-005
0.00373463
0.0031035
0.000604337
0.00137519
0.0047698
0.00659043
0.00488972
0.00723806
0.00412451
0.00468781
0.00601233
0.00235458
0.00823375
-0.0094932
-0.00972739
0.00281381
0.00929062
0.00202003
0.0125498
0.0116241
-0.00989487
0.00934441
0.0100774
-0.00705253
-0.0053292
0.00291221
0.00995589
0.0037955
-0.00310899
-0.00200646
0.0122331
0.00496948
-0.000470534
0.00359303
-0.000859908
0.000540908
-0.00741182
-0.00352563
-0.000153342
-0.000375079
0.00323808
-0.00183532
-0.000516224
-0.0046212
-0.00418541
0.00449032
-0.00623439
-0.00456212
0.00883769
-0.0025123
-0.00714657
-0.0132915
-0.0142207
0.00834336
0.0097282
0.0132814
0.0125187
-0.0176524
-0.00888971
-0.00483043
-0.00911847
-0.0080887
-0.00155934
-0.000427855
-0.00270961
0.0020302
0.00017875
0.00334937
0.00479332
0.00257759
0.00066079
0.0032739
0.00176907
0.00176489
-0.00440265
-0.00192169
0.00174833
-0.00199854
-0.00475151
0.00540073
0.00257701
0.00390996
0.00804544
0.00833989
0.00645321
0.00638832
0.00998966
0.00932237
0.00762587
0.00951679
0.0116391
0.0124102
0.0123464
0.00919432
0.0108262
0.00569142
0.00592052
0.00190357
0.00904281
0.00545964
0.00234294
0.00298805
0.00897547
0.0056415
0.00466075
0.00768218
0.00751586
0.00839697
0.0113249
0.00016818
0.0010428
0.000813707
0.00081886
0.00101212
0.000717196
-0.000253761
0.000244428
0.000102425
-0.000212914
6.46058e-005
0.00021086
0.00205167
0.00171676
0.00129842
0.00303821
0.000464791
-5.51108e-006
-0.000167207
0.000765833
0.00160227
0.000457942
0.000403989
0.00183769
0.00269251
0.00157347
-8.04886e-005
0.00262113
0.00295881
0.0078378
0.00925569
0.00442016
0.00390141
0.00658534
0.00168
-7.0041e-005
0.000321872
0.000941063
0.000856099
-0.00125696
0.00124163
0.0010506
0.000824126
0.000549291
-0.000474523
0.00212128
0.00125465
-0.000819043
0.000795234
0.00145853
0.00042203
-5.88767e-005
0.000343323
-0.000113111
0.00599363
0.00652582
0.00531849
0.00500952
0.00476308
0.00499506
0.00184114
-0.00071089
0.00167876
0.00149782
0.000403013
-0.000375551
0.00164755
0.000553041
0.00660277
0.00796307
0.00383578
0.00045811
-0.00224002
-0.00151154
0.00424222
0.00601509
0.00274091
0.000575145
-0.000824594
0.00620861
0.0107777
0.00746346
0.00569006
0.00236761
0.00859752
0.00192948
0.00158361
0.00138177
0.00036134
0.000359948
0.000388188
0.000562935
0.00114315
-0.000166239
-2.50284e-006
0.00295466
0.00166085
0.00200125
0.00156152
0.00213949
0.00172233
8.42078e-005
0.00240729
0.000187091
-0.000146775
0.000214781
0.00100012
-0.000180795
0.000828404
0.000893343
0.00173015
0.00185062
0.00684099
0.0120672
0.00975919
0.0080505
0.00511642
0.00424583
0.00584685
0.00612513
0.00337241
0.00936057
0.00785199
-0.00145109
0.00376262
0.00361935
-0.00258012
0.00773248
-0.00527194
0.00624127
0.00936227
0.00780166
0.00470485
0.0052413
0.00201846
0.00373978
0.00781639
0.00894843
0.0054988
0.0108748
0.0121532
0.0117725
0.00953074
0.00998611
0.00594673
0.0080791
0.00238093
0.00494092
0.00274134
-0.00195366
-0.00471332
-0.00318871
0.00922946
-0.00766165
0.0046602
-0.00244001
-0.00513967
-0.00190176
-0.0156704
-0.01753
-0.0087707
-0.00429172
0.00338811
0.000858934
0.00337118
0.00040071
-0.0002201
-0.00127077
-0.00875495
-0.00452967
0.0133679
0.0128855
-0.00323514
-0.0139123
-0.013936
-0.00217495
-0.00967217
0.00895214
0.00216441
0.00837727
0.0089254
0.00222215
-0.0112549
-0.0129499
-0.00142764
0.000595394
-0.0034679
-0.00696085
-0.00429961
-0.00613944
-0.0039634
-0.00459261
0.000161887
-0.000109598
-0.00176449
-0.00181576
-0.00100584
-0.000485827
0.0039765
-0.000247431
-0.0070496
0.00348946
0.00542494
0.00235314
-0.0093489
0.0119534
0.00377236
0.00953712
0.00701082
0.00946473
0.0114673
0.0118432
0.00255235
-0.00961482
0.00828968
0.00898154
0.000364382
0.00330496
-0.00634448
-0.00524458
-0.000580708
0.00260232
0.00487931
0.00420697
0.000343955
-9.02764e-005
0.00784768
0.00463222
0.000316138
-0.000341545
-0.00465113
0.00811959
-0.00322158
-0.00149324
-0.00272592
0.00414938
0.000778961
0.00719603
0.00194971
0.00265542
0.00683015
0.00337077
0.002229
0.00230766
0.00242151
-0.00409107
-0.00111509
0.00230014
0.00268742
0.00107965
0.00406609
0.00486068
0.0052897
0.00492406
0.00158505
0.00471615
0.00243542
0.00213853
0.0038227
0.00239813
0.00139642
0.00167118
0.00180777
-0.00130093
-0.00154688
-0.00535574
-0.0133616
-0.0111931
-0.00652622
0.00946085
-0.00366396
0.00534653
0.00718021
0.0104601
0.00635494
-0.00266658
-0.0041259
0.000315166
0.00328585
0.00261757
0.00370367
0.00407172
0.00687099
0.00591381
0.00594289
0.0061515
0.00618939
0.00590223
0.00465465
0.00402508
0.00545699
0.00472808
7.8877e-005
0.0031666
0.00378606
-0.00155666
0.00062916
0.00229742
-0.00491614
-0.000141928
-0.00952561
-0.00526364
-0.00110391
0.0104391
-0.00317082
-0.00546593
-0.005966
-0.00471287
-0.000377857
-0.0115584
-0.0109077
0.00683907
0.0096126
-0.012239
-0.0204292
0.0026102
-0.00064413
0.000241397
-0.00570402
-0.0118452
0.0118721
0.00963111
0.00131467
0.0132063
0.00883607
-0.0174719
-0.00249242
0.00127867
-0.00526398
-0.00341642
0.00233579
0.00957552
0.007523
0.00875192
0.00991118
0.00830603
0.00599549
0.00664172
0.000197776
0.00370395
0.00820059
0.00920755
-0.00884003
0.0110652
-0.0156372
0.0150266
0.00833686
-0.0139572
0.000102985
-0.00967884
0.00736446
0.00223027
0.00449033
-0.00940751
0.0143659
-0.0132398
0.00642112
0.00404013
0.00152948
0.00390781
0.00464624
0.0051438
0.00255164
-0.00728715
0.00710776
0.00499182
-0.00581793
-0.0108446
0.00232405
0.00251053
0.00424302
0.0051385
-0.000652317
0.00150808
0.00290957
0.00498911
0.0066435
0.00509034
0.00525488
0.00963121
0.00132275
0.0159286
0.00927354
0.00415341
0.00787669
0.00152763
-0.00277149
-0.0014631
-0.00657896
-0.00484434
0.00844868
0.00384642
-0.00475603
-0.000887333
0.00479786
0.00332843
-0.000489816
0.00229565
-0.00236381
-0.00276274
-0.00130739
-0.000568039
0.00208021
0.00217152
0.00930533
0.00749596
0.00776387
0.00443982
0.00847598
0.00642442
-0.00396671
0.00357442
0.00137233
0.000165179
-0.00549247
0.0146364
0.00533415
0.000536086
0.00471393
0.00496894
-0.00466328
0.00437982
-0.00211365
-0.000824058
0.00279561
0.00215543
-0.00257034
-5.32495e-005
0.0015794
-0.00134176
0.00302722
-0.00341898
-0.00139547
-0.000424191
0.0021375
0.00610697
-0.00453249
0.00182488
-0.000507999
-0.00355214
0.00811694
-0.00542446
0.000537013
0.0052979
0.00556439
-0.00438572
-0.00544428
-0.0025749
0.000700625
-0.00120182
0.00326488
0.00268259
0.00318848
0.00125866
0.00304375
0.0032398
0.00287026
0.00338903
0.00398674
0.00399768
0.00499463
0.0041002
0.00298936
0.00261972
0.00485842
0.00358423
0.000510094
0.00100928
0.0279941
0.00688246
0.00382107
0.0276676
0.003367
0.0135001
0.0233985
-0.0291511
-0.00927299
0.0213552
0.033441
-0.026219
-0.0382098
0.0156633
0.0318468
0.0112716
0.0200541
0.00584829
0.0140859
0.0011101
0.0135253
0.0141292
-0.013194
-0.00824771
-0.0244399
0.00920431
-0.0140402
0.027328
0.0155096
0.0194427
-0.026227
-0.00855878
0.00681417
0.0045128
0.00279121
-0.00355619
0.0122628
-0.0195989
0.00192567
0.0198941
0.00755929
0.000405509
0.00126135
0.00133302
-0.00623413
-0.00542785
-0.0365172
-0.0403157
0.0171331
-0.0375059
-0.0430941
-0.0445594
0.0239345
-0.0332842
-0.00312654
0.00325026
0.00595554
0.00278091
-0.00283385
-0.00186353
0.000687862
0.00186598
0.005455
0.00739438
-0.00171332
0.00625695
-0.00461119
-0.00817803
0.00424326
0.000143948
0.0170648
0.0173472
0.0172363
0.008927
0.00154875
-0.0125765
0.0304467
-0.0146429
0.0183631
-0.0118281
0.00367744
-0.00512252
-0.00339645
-0.00269206
0.0116427
0.0126595
-0.0030704
0.00629907
0.015179
0.0131195
0.00590961
0.0079641
0.00830478
0.00679747
0.00291077
-0.00320002
0.00996622
-0.00501964
0.00997792
0.00151187
0.00853405
-0.0064942
0.0130663
0.0144768
0.0095491
0.0119392
0.0137972
0.00922973
0.0175878
0.00206481
0.019662
0.0157877
0.0158992
0.0155538
0.0140019
0.00690103
0.0110599
0.0075072
0.000490688
0.0180741
0.0132409
0.0120929
0.0114663
-0.00239751
-0.000453002
0.0200803
0.015769
0.00814478
0.00419384
0.00471753
0.0193488
-0.0100091
-0.00525926
0.0165112
0.0187961
0.0125311
-0.00418653
-0.00491266
-0.0011558
-0.000807845
-0.00379415
-0.00529142
-0.00263063
-0.00139063
-0.00174996
0.0107217
0.00591811
-0.00278437
0.00712394
0.00314742
-0.00188409
0.00311569
-0.0046309
-0.00158275
-0.00402493
0.0117559
0.000337707
0.00347169
0.000339319
0.00112674
-0.000173269
0.00361705
1.69867e-005
-0.0040044
0.00483803
-0.00131602
-0.00082611
0.00204646
-0.00439094
0.00245775
-0.00286726
0.00288559
-0.00177732
-0.00904985
-0.0102124
-0.00190711
-0.00133679
0.00105969
-0.000721599
0.0127525
0.00209984
0.00189691
-0.0131715
0.00811094
0.00654857
-0.00505639
0.00797979
0.0109292
0.00503542
0.00655909
0.0139853
-0.0058066
0.00852283
0.00657047
0.0119745
0.00410421
0.0144717
0.00887597
0.0193516
0.00466964
-0.00203478
0.01702
-0.0180551
-0.0156101
0.0294549
0.0257502
0.031146
0.0175495
0.0109712
0.0221303
0.00660215
0.000712946
0.00957452
0.00921966
-0.00716506
0.0129732
-0.016736
0.0168101
-0.00190556
-0.0117281
0.00766322
0.00426236
0.000503514
6.51443e-005
0.00105941
-0.00200774
-0.00167644
0.000232267
0.000133739
-0.000607489
-0.00125956
-0.0017796
-0.000835198
-0.000323402
-0.00049046
-0.00159599
-0.000162812
-0.000319973
1.47354e-005
-0.000258706
0.000236801
0.000348402
-0.00109682
-0.00193912
0.000186717
-0.000494814
-0.00349173
-0.00343987
-0.00132992
-0.00235739
0.00203595
0.000999302
0.00515874
0.00085929
-0.00666845
-0.00444952
-0.00188093
-0.00373037
0.00167864
-0.000693616
0.000587352
0.00148914
0.00504015
0.0027602
0.0052066
0.00270887
0.00109352
0.00124473
-0.000281913
0.000557499
0.000701772
-0.000166107
-0.00123174
-0.000244905
0.00371263
0.000740415
0.00151843
-1.22734e-005
0.000160019
0.000478921
-0.000155304
0.00156256
0.000441876
0.00110245
0.000753005
0.00191957
0.00041112
-0.00109303
-0.000460894
-0.00172689
-0.000910769
-0.000990303
0.00204313
0.00307848
0.00156176
0.00474142
0.00678508
0.00582351
0.00801279
0.009395
0.00134713
0.000859639
0.000226443
-0.000210735
-0.00278188
-0.00254289
-0.00091069
-0.00394433
0.00270886
-0.0050333
-0.00333248
-0.00438144
-0.000893354
-0.00363258
4.91262e-005
-0.000195957
0.00128288
0.00207235
0.00057403
0.00256242
0.00705989
0.00460416
0.00734506
0.00866229
0.00618493
0.00334468
0.0107929
0.00651371
0.00940075
0.00968523
0.0110346
0.0119948
0.00906571
0.0136493
0.010613
0.0130672
0.0112265
0.0114461
0.00855285
0.0115616
0.000456335
-0.00139621
0.00807282
0.0051931
0.0043582
0.0072646
0.00650923
0.00635628
0.00328594
0.00457384
0.00130094
0.0016508
0.000657784
0.000878924
0.00010659
0.00272241
0.000691581
0.00128311
-0.00194667
0.000107479
-0.000662347
0.000980692
-0.000697101
0.000417316
0.00130617
0.000273055
0.0132666
0.01148
0.0124654
0.0092587
0.0109356
0.00834548
0.00776846
0.00952417
0.0072518
0.00425674
0.00133095
0.00982902
0.00141517
0.0101563
0.00205663
0.00763247
0.00940373
0.00731946
0.00480466
0.0100932
0.00834092
0.00974575
0.0122795
0.0103604
0.014815
