0.00328224
0.00189577
-0.000498228
-0.000901042
0.00184846
0.0112255
0.00644908
0.00333749
0.00366548
0.00279115
0.00789359
0.00668108
0.00614818
0.010534
0.0213756
0.0130923
0.0147462
0.0178159
0.0243987
0.018447
0.0256632
0.0162942
0.0124492
0.0390969
0.00643215
0.00730411
-0.0054368
0.00466692
0.00327859
0.00648941
0.00734503
0.00861754
0.00405351
0.00995605
0.00757047
0.00518908
0.00551414
0.00630472
0.0112433
0.0101826
0.00655537
-0.0179303
0.0195006
0.0133266
-0.025615
0.0367019
0.0148488
0.0177287
0.0267888
0.0186324
0.0267165
-0.0453744
-0.0415465
0.0214207
-0.00893381
-0.0204171
0.0204632
0.0201766
0.00692297
-0.0446863
-0.046868
0.0242837
0.0217101
0.0164491
0.0417219
0.0286291
0.0281371
0.0398968
0.0205689
-0.027258
-0.0394391
0.0410005
-0.0219573
0.00936994
-0.00859176
-0.0695124
0.0375933
0.0521761
-0.0476629
0.0452002
0.0334468
-0.0233729
0.0186772
0.0866138
0.051603
0.0164579
0.0280487
0.035593
0.0679784
0.00975787
0.00819857
0.00540368
0.00588616
0.00839248
0.0088079
-0.0131962
-0.018594
-0.0168356
-0.00446704
-0.0123625
-0.0066126
0.00807128
-0.00985791
-0.0175405
0.0679032
0.0129543
-0.00977096
0.00730937
0.00751006
0.0116703
0.00845749
-0.0128672
0.0174134
0.0186971
0.0133032
-0.0133712
-0.0193365
0.00825492
-0.0399901
-0.0247308
-0.0210216
-0.0243153
0.00935297
0.00986719
0.00701347
0.00330596
0.00462327
0.0118938
-0.0163104
0.0128013
0.0155337
-0.0222479
0.0139009
0.00143322
-0.00231448
0.014371
-0.0198536
0.0108026
0.0175553
0.00982153
-0.00673096
-0.0287446
-0.02673
0.0105589
0.0206346
0.025667
0.0052943
0.00307282
0.0155814
0.0156692
0.0139879
0.0141497
-0.00234118
0.00121042
0.00465029
0.00558017
0.00688747
0.00859092
0.0088493
0.00241554
0.00418099
0.00614741
0.00975704
0.00925912
-0.00936024
0.00178631
0.00564968
0.00251235
0.00754288
0.0132572
0.00409155
0.0141179
0.0142112
0.00556348
0.00449378
0.00513517
0.00318802
0.0167918
0.0140124
-0.0226287
-0.0159898
0.00945665
0.0256631
0.015535
-0.00676501
0.0110482
-0.0174285
0.0207787
-0.0241726
0.0161922
0.0142025
-0.0207424
-0.0268213
-0.0285056
0.0105523
-0.0197606
0.00873701
0.00453611
0.00824188
0.00857505
0.00267753
0.00189071
-0.0175216
-0.0168294
-0.0243592
0.00697727
0.0093394
-0.0199828
0.00953714
0.0077934
0.00843177
0.00497554
-0.0101472
-0.0400051
0.00902204
0.0115113
-0.0136457
0.01993
0.00774306
-0.0215638
-0.0133106
0.0179927
-0.0137503
0.00699347
-0.00463304
-0.0122994
0.0263164
0.017082
-0.00731065
-0.00633388
0.0848961
0.0190531
-0.0241127
0.00592325
0.0109083
0.00626597
-0.00914625
0.00831178
0.00984465
0.00527095
0.0468808
0.0513171
-0.0388531
0.0539945
-0.0509688
0.0379077
-0.0275607
0.0332863
-0.0708411
0.0206092
0.00940096
0.0101553
0.0413628
0.0201945
0.0394906
-0.0454687
0.0229715
0.0233822
0.00820405
0.0181447
0.0211202
0.0256789
-0.0471049
-0.0408448
0.0174709
-0.00540197
-0.00953259
-0.0193667
0.0153639
0.00654209
0.00734851
0.00494982
0.0160488
0.0196453
0.0145916
0.0142463
0.0367039
-0.0175888
0.00636859
0.00645333
0.00815833
0.00407137
0.00288857
0.00598848
0.00899775
0.00316463
-0.000776774
-0.00095056
0.00162977
0.0133121
0.0163938
0.0082721
0.00626106
0.00504281
0.0251908
0.00588368
0.0248774
0.00880646
0.00319915
0.0023048
0.00424254
0.00294191
0.00789915
0.00641604
0.00619701
0.00700376
0.0060816
0.00555431
0.00785564
0.00791812
0.0116281
0.0159186
0.0170321
0.0182241
0.0123526
0.0211576
0.00923651
0.0229791
0.0200032
0.0237542
0.0163099
0.021583
0.025345
0.0179118
0.00890441
0.0101292
0.011606
0.0236329
0.0238146
0.0163932
0.0230365
0.0164936
0.0132069
0.0192832
0.0143203
0.0280109
0.0209545
0.026705
0.00436439
0.0112922
0.0104569
0.00789393
0.0065173
0.00784648
-0.00520127
-0.00577
0.00608493
-0.00436906
0.0113731
0.0108474
0.0103128
0.0110241
0.00308241
0.00292584
-0.00292917
0.00126152
0.00169396
-0.00153891
0.0024143
0.00108712
0.00350857
0.00494143
0.00442553
0.0065501
0.00480019
0.00728374
0.00889402
0.00728627
0.00969133
0.00797541
0.00968603
0.0095886
0.00735492
0.00882588
0.006287
0.00615785
0.00463941
0.00482299
0.00694405
0.00673857
0.00974532
0.0102559
0.0053598
0.0108516
0.00545096
0.00834315
0.00389142
0.00646172
0.00381118
0.00518439
0.00811977
0.0072749
0.00873168
0.014751
0.0201232
0.0152865
-0.0225273
0.0264194
-0.0215876
-0.0197433
-0.00917418
0.0343582
0.0264467
0.0174097
0.0376617
0.028972
0.0412217
0.0282388
0.0282418
0.038305
0.0351678
0.0349582
0.0159512
0.0197359
-0.0220544
-0.0208891
-0.0216654
-0.0415843
0.015433
-0.0185752
0.0370331
-0.0109935
-0.00903713
-0.0098816
-0.00395312
0.00826548
-0.00556005
-0.00857603
-0.00698276
0.00312318
0.00218856
-0.00920351
0.0110675
-0.00652964
0.0135267
-0.0171973
0.0172591
-0.0353112
-0.0384614
0.0120904
-0.0277497
0.0108241
-0.00816627
0.0239879
-0.024329
-0.0450189
-0.0360445
-0.0356929
0.0210435
-0.0437289
-0.0319753
0.0158598
-0.018674
0.0169061
-0.0177304
0.0414806
0.0438939
0.0416291
0.0320619
0.0218825
0.0482785
0.0267705
0.0428118
0.0452107
0.0402408
0.0182931
0.0323597
0.028789
0.0205355
0.0246319
0.0190796
0.00824645
-0.0078054
-0.00966654
-0.0197386
-0.0198507
0.0299412
0.0521945
0.0280874
-0.0284148
0.0242439
0.0144585
-0.00178777
0.0103442
-0.00470752
0.0123152
0.00713142
-0.00293959
-0.0147927
-0.0616719
-0.0400498
0.0427056
-0.0627301
-0.0393685
-0.047072
-0.0243175
-0.0467227
-0.0380252
-0.0521611
-0.0358106
-0.0269818
-0.0225646
-0.0142688
0.0365599
-0.0171692
0.0676882
0.038815
0.0524726
0.0868552
-0.0536063
0.0948571
0.0507886
0.04538
0.0752909
0.0764788
0.0413662
0.0383855
0.0376182
0.0198016
0.0448339
0.0356008
0.0656791
0.0663315
0.0854228
0.0444757
0.0464974
0.0090847
0.0079021
0.00878073
0.00938285
0.0090313
0.00778973
0.00651359
0.00896189
0.00603005
0.00949169
0.00750731
0.00624497
0.00814143
0.00631181
-0.00653104
-0.00988116
-0.00979992
-0.0150016
-0.00748969
-0.0108152
0.00724751
-0.0113089
0.00663069
-0.0046988
0.00645269
-0.00573539
-0.0110119
-0.0199797
-0.014639
-0.0102712
0.00815043
0.00339474
0.0188166
-0.00998856
0.0103475
-0.00671557
-0.00826305
-0.00863799
-0.0125138
-0.00417437
-0.0078957
-0.00722218
-0.00736823
0.0240396
0.0247431
0.0189338
0.0380138
0.0400125
0.00882882
0.0277244
0.0263275
-0.0110657
-0.00854356
0.00602742
0.0109758
0.00778298
0.00599287
0.0163506
-0.0140444
0.00769167
-0.00993061
-0.0146787
0.0166408
-0.0117143
0.0205864
0.0147657
0.0172114
0.019458
-0.013954
0.0124125
-0.0170097
-0.0170387
-0.0245036
-0.0177556
-0.0151014
-0.0171042
0.012647
-0.0281607
-0.0337479
-0.0516148
-0.0240316
0.0130193
0.0119337
-0.0329218
-0.0354506
-0.0257231
-0.0147936
-0.0152377
-0.0168538
-0.0154559
-0.0275926
0.00729514
0.00673509
0.00668218
0.00799025
0.0087862
0.00936103
0.0101534
0.00959174
0.0103294
0.00786979
0.00870139
0.00696173
0.00647587
0.00650662
0.00239097
0.00396475
0.00580083
0.00429404
0.00267642
0.00888389
0.00947221
0.00937621
0.0102881
0.00876953
0.00877078
-0.00543816
-0.00741192
-0.0118257
-0.00675002
-0.0098673
0.013463
-0.0158435
-0.00929131
0.00775446
0.0122631
0.0138613
0.0144565
0.0083601
0.00641452
0.00334699
0.00732419
0.000404959
0.0134554
0.00809161
0.0235141
0.0259651
0.0145504
0.0143923
0.0167342
-0.0185498
0.0120006
-0.0182154
-0.0145449
-0.0206032
0.00865538
-0.0221095
-0.0241101
-0.0073407
-0.013817
-0.00726688
0.00671449
-0.0264658
-0.0213961
-0.0197196
-0.00912429
-0.0313783
-0.0146938
0.0119767
-0.0173734
0.0277355
0.0289616
0.0298214
0.0251791
0.0102446
0.0124884
0.0107601
0.00377843
0.0178859
0.0069599
0.0216106
0.0247353
0.018014
0.0230336
0.0230121
0.00944419
0.0146324
0.0234625
0.0117607
0.0148729
0.00863942
0.0105295
0.00753017
0.0145496
0.0250033
0.0149431
0.00256692
0.00104257
0.0022409
0.000366614
0.00368435
0.00211102
0.00670525
0.0111341
0.00483571
0.0109625
0.00759729
0.0153328
0.0126155
0.0140002
0.0127098
0.011926
0.00911386
0.00805652
0.00638921
-0.00126567
0.00870269
0.0026187
0.0109486
0.0104106
0.00572928
-0.00149882
0.00327749
0.00874137
0.00851204
0.0102896
0.00401757
0.0110171
0.00802805
0.0114829
0.0113978
0.0110937
0.00229487
0.00853853
0.00182577
0.00953346
0.0144466
0.0149751
0.0133864
0.0137214
0.00677699
0.0109518
0.0049524
0.011231
0.00652121
0.0105282
0.00382827
0.00367167
0.00207973
0.00235314
0.00107065
0.00693643
0.0243687
0.0243354
0.0223006
0.0149177
0.00786666
-0.00998702
-0.010033
-0.0157233
-0.0147195
0.00999285
0.0123287
0.0180262
0.00853666
0.0118514
0.0149297
0.0237147
0.0234081
0.0247629
0.0218268
0.0082074
-0.00886838
0.0257263
0.0281928
0.0287505
0.0179027
0.0106091
0.0100081
0.0296788
0.0292537
-0.0172161
-0.0152586
-0.0143478
0.0118871
0.0131107
0.00831898
-0.0271521
-0.0140648
-0.0309679
-0.0193352
-0.0213474
-0.0238943
-0.0263304
-0.00747778
-0.00746496
0.00654454
0.0145525
-0.0219316
-0.0206494
-0.0183472
-0.018809
0.0140056
0.0164722
0.0102684
0.0139364
0.0187035
0.015015
0.00279977
-0.00849518
-0.00176817
0.00816572
0.00673815
0.00840133
-0.00775007
-0.00433031
-0.0123556
-0.00693488
0.00968988
0.00906361
0.00939301
0.00638902
0.00932788
0.0149991
0.00301415
0.00434548
0.00324519
-0.0105453
-0.0233507
-0.0154535
0.00725361
-0.0101324
-0.0122878
0.00621824
0.00828797
0.00836762
0.00969873
0.0101784
0.00898035
0.00955357
0.00938198
0.00918445
0.00674396
0.00654698
0.00623899
0.00635092
-0.0170217
-0.0256812
-0.00756083
-0.00831927
-0.0149794
-0.0347254
-0.0332551
-0.0523172
0.0114312
0.0123665
0.0111833
0.0157851
0.0175081
-0.0142088
-0.0246982
-0.0342554
-0.0295017
-0.0129127
-0.0170726
-0.0164691
-0.0179582
-0.0190278
-0.0145569
0.0100047
-0.0146858
-0.0169943
-0.0140986
0.0163041
0.0184297
0.0215561
0.0182639
-0.0120548
-0.0186816
-0.00972043
0.0197115
0.0113088
-0.010068
0.0248102
0.00634618
0.00923585
-0.0147467
-0.0114086
-0.0123686
0.0365435
0.0350526
0.0188858
0.0104613
0.0177704
0.023348
-0.00734096
-0.0044394
-0.0087384
-0.00819703
-0.00989338
-0.00666725
0.00856141
0.0383108
0.0394349
0.0192135
-0.0101046
0.00407516
-0.0171594
-0.0202097
-0.0113811
-0.00596844
0.00676631
-0.00501162
0.00615731
0.00929065
0.0100407
-0.00341775
-0.0147984
0.00737389
0.00713315
-0.00734524
-0.00921806
-0.0062998
0.00835066
0.0061724
0.00570865
0.00910669
0.00882666
0.00752549
0.00955425
0.00906482
0.00636709
0.00799112
0.00680375
0.0709982
0.0448763
0.0508402
0.0440952
0.0721838
-0.0371339
0.0551415
0.0359511
0.0411249
0.0751628
0.0947495
0.0730224
-0.0408169
0.0443994
-0.0258368
0.085986
0.0417038
-0.0534252
-0.0360279
0.0528514
0.0670449
0.0377854
-0.0230428
-0.0275934
-0.0153593
-0.0196453
-0.0523062
-0.0458311
-0.0439934
-0.0658941
-0.0422943
-0.0614056
-0.00935453
-0.00469654
-0.00196939
0.00697076
0.0108234
0.0123958
0.0112187
0.0105146
0.0321987
0.0243344
0.0237941
0.0280586
0.0303453
-0.0199526
-0.0076861
0.00803453
0.020422
0.018631
0.0420011
-0.0172581
-0.0321569
0.0189638
0.0219557
0.0175899
0.0293951
0.01314
0.0322935
0.0405518
0.0458159
0.044214
-0.0147324
0.0205717
0.0411698
0.0410399
0.0179527
-0.018531
-0.0412167
-0.0227258
0.0229309
-0.0444166
-0.0351852
-0.0340739
-0.0352842
-0.0444232
-0.029455
-0.0267623
0.0281088
-0.00576577
-0.00854469
-0.00858388
-0.0091628
0.0106602
0.0295556
0.0118192
-0.0342407
-0.0145491
-0.00586872
-0.00905765
0.00213869
0.00824189
0.00325837
0.00742709
-0.00673198
-0.0055913
0.010319
0.00834651
0.0153044
-0.00444564
-0.0037797
-0.0102472
0.0169147
-0.0186196
0.0165236
0.0356842
0.0143583
-0.0222253
-0.0232105
0.0178426
0.038025
0.0346186
0.0271792
0.0346547
0.0290602
0.040593
0.0373413
0.0264356
0.00901755
-0.0211843
-0.0209257
0.0204935
0.014825
0.0143804
0.00621905
0.00796763
0.00781457
0.00560047
0.0068481
0.00736863
0.00505558
0.00654817
0.00464879
0.00790009
0.00471754
0.00500922
0.00387474
0.00391426
0.00533663
0.0055887
0.0098131
0.00705679
0.00753859
0.00658507
0.0077539
0.00973977
0.0095911
0.00915881
0.00293051
0.00426574
0.00374709
0.00195075
0.000520553
-0.00223524
-0.00147575
-0.00299106
0.00119582
0.00279563
0.00297667
0.0111171
0.0118555
0.0142584
0.0135376
0.0104825
0.00930441
0.0102282
0.00630232
-0.00533224
0.00656046
0.00783089
0.0074352
0.00758369
0.0132355
0.020153
0.0170042
0.0106309
0.0245305
0.0277809
0.0191902
0.016211
0.0222123
0.0252049
0.0244977
0.00311388
0.0127142
0.0214453
0.0208848
0.0176405
0.00651281
0.00268092
0.00726654
0.00634265
0.00697248
0.00835534
0.00474719
0.00246088
0.0157979
0.0182934
0.0171711
0.0127956
0.00795126
0.00690709
-0.0139503
0.00746969
0.0121383
0.00828919
0.0161656
0.0168905
0.0169353
0.00397404
0.00305385
0.00317312
0.00755322
0.00726811
0.00542343
0.00745945
0.0059543
0.00702303
0.00625569
0.00520911
0.00520499
0.00675822
0.00662043
0.00611299
0.010458
0.0187502
0.0111992
0.0175642
0.0159098
0.0145818
0.0198823
0.020093
0.0192589
0.0229066
0.0216928
0.0231375
0.0233974
0.0208718
0.020216
0.0239468
0.0250551
0.0249864
0.019346
0.0181566
0.0207634
0.00918394
0.0100394
0.00881916
0.0236496
0.0203884
0.0198187
0.0250005
0.0245888
0.0260178
0.0198502
0.0150215
0.0176543
0.0180701
0.0151306
0.0156672
0.0253425
0.0279696
0.0205646
0.0276669
0.0244643
0.0309853
0.00894693
0.00934786
0.00882205
0.0152498
0.0182968
0.0150224
0.015124
0.0135827
0.01752
0.00910354
0.00807276
0.00946633
0.00745161
0.00744748
0.00776582
0.00535331
-0.00565527
-0.00511563
0.00502571
0.00418345
-0.00545568
0.00873272
0.0109773
0.00829355
0.0111709
0.0108401
0.0118426
0.00904253
0.0119506
0.011533
0.0138366
0.0107752
0.0133437
0.00286186
0.00274124
0.00268147
-0.00253087
-0.00242835
0.00245952
-0.00241511
-0.0018745
-0.00253098
0.00175189
0.00213147
0.00177993
0.00309027
0.0040072
0.00356981
0.00401279
0.00527081
0.00469804
0.00370467
0.00375593
0.00470791
0.00838283
0.00827182
0.00739615
0.00948145
0.00900886
0.00894687
0.00991762
0.0100287
0.00969739
0.00861208
0.00815814
0.00913945
0.0069013
0.00606803
0.00660279
0.00665931
0.0055738
0.00552517
0.00603414
0.00659348
0.00578332
0.00850352
0.0101898
0.00900141
0.00775953
0.00865822
0.0100245
0.00505543
0.00730802
0.00762128
0.00400963
0.00423568
0.00579404
0.00396868
0.00400178
0.00428025
0.0042309
0.00429035
0.00382678
0.0067052
0.00566781
0.00723671
0.00613951
0.00718635
0.006281
0.00694436
0.00681161
0.00816547
0.00786433
0.00721402
0.00730489
0.0112825
0.0139932
0.0117885
0.0159752
0.0167311
0.0156007
-0.0239377
0.0196575
0.0236308
-0.0252501
-0.0252813
-0.0208232
-0.012967
0.00752107
-0.0143621
0.0280287
0.022331
0.0266708
0.0388467
0.0322567
0.030651
0.0481496
0.0347258
0.027727
0.0366648
0.0323718
0.0398234
0.0335218
0.0311027
0.0286127
0.0350794
0.0292025
0.0301235
0.031879
0.0337123
0.0359541
0.00906376
-0.0218248
0.0137897
-0.0214541
-0.0356022
-0.0358975
0.00857539
0.0157143
-0.0197708
0.0306932
0.0401752
0.0324939
0.00638285
-0.0167713
0.00736537
-0.0112658
-0.0129975
-0.00833726
-0.00633695
0.00487517
0.00798667
-0.00398903
-0.00512156
-0.00270065
0.0121022
0.00913586
0.0126287
-0.00764712
-0.00653601
-0.00732611
-0.00544308
0.00553
-0.00525455
0.00196678
0.0049821
0.00517414
0.00344849
0.0078053
0.00596754
-0.0107272
0.00863614
-0.010146
-0.00331773
-0.00282183
0.00807558
-0.0402253
-0.0244581
-0.0160079
-0.0331385
0.0185752
0.0215034
0.0246075
-0.00838249
-0.00894044
-0.00604644
-0.00849761
-0.0074944
-0.00665199
0.0224988
0.0257511
0.0271989
-0.0382576
-0.0357702
-0.0462077
-0.0436364
-0.0344231
-0.0182129
-0.044893
-0.0429046
-0.0311247
-0.0333195
0.0201869
-0.0348489
-0.0163103
-0.0336751
-0.0318352
0.00802513
0.00553945
-0.0186393
0.0328085
0.0480829
0.0328286
0.0416706
0.0393529
0.0409985
0.0358182
0.0304683
0.039651
0.0190649
0.023117
0.0210708
0.0486459
0.0461636
0.0470433
0.0443485
0.0320065
0.0342755
0.0399058
0.0373378
0.0281641
0.0187216
0.0160496
0.0252164
0.0186822
-0.0143279
-0.027599
-0.00782587
0.0168361
0.0322194
0.0355665
0.00967699
0.014738
0.0170373
0.00629706
-0.00973586
-0.00769226
-0.00912615
-0.0187151
-0.00801323
0.0286962
0.0390007
-0.0339028
0.0258469
-0.0239801
0.0269265
0.0223693
0.0194193
0.0190951
0.0244655
0.0313345
0.0262703
0.00270366
-0.00432716
-0.00327231
0.0125887
0.0111824
0.0137295
0.0112337
0.0111475
0.01126
0.00213348
-0.00269699
0.00234053
-0.00642871
-0.0109178
-0.00727941
-0.0539417
-0.0312536
-0.041799
-0.0558484
-0.0343895
-0.0361013
-0.0508244
-0.0482486
-0.0439984
-0.0407297
-0.0400876
-0.0266755
-0.0352632
-0.0310185
-0.0215186
-0.0260872
-0.0264152
-0.0219082
-0.0199998
0.0298679
0.0266132
0.021687
0.0473702
0.0486097
0.0380262
0.0615819
0.0904629
0.0367143
-0.0429668
0.0396826
0.0680789
0.104022
0.0527743
0.0451867
0.0504967
0.0285127
0.0847892
0.0831172
0.0517175
0.0397434
0.0600262
0.0396779
0.0284211
0.0269091
0.0454979
0.0352409
0.0442137
0.0398978
0.0540753
-0.0434765
0.0829985
0.0835203
0.0447088
0.0400488
0.0442454
0.041561
0.0596571
0.0393308
0.00860532
0.00731081
0.00784653
0.00839703
0.00759842
0.00701244
0.00954284
0.00934436
0.00902877
0.00859549
0.00713039
0.00762457
0.00859829
0.00726596
0.00710004
0.00986076
0.00989745
0.00937983
0.00674678
0.00614356
0.00688401
0.00666654
0.00727705
0.00643057
0.00811168
0.00806692
0.00907958
-0.00751816
-0.0114484
-0.00979855
-0.00785761
-0.00880195
-0.0109157
0.00629698
-0.00642111
-0.00868791
0.00759096
0.00760215
0.00735045
-0.00838835
-0.00280406
-0.00689562
0.00936509
0.00849483
0.00977446
-0.00304191
0.00277583
-0.00590491
0.00442912
-0.00841189
-0.00634001
-0.0171344
-0.016507
-0.0137007
-0.016166
-0.0196938
-0.0129623
0.00595148
0.0113631
0.0123759
-0.0075296
-0.0101689
-0.00520469
0.0309141
0.0380871
0.0275006
-0.00425504
-0.00543662
0.00878363
-0.0079652
-0.00851707
-0.00825724
-0.00739892
-0.0108948
-0.00980423
-0.00549269
-0.00637453
-0.00834587
-0.00572251
-0.00666135
-0.00570934
0.0154854
0.0250597
0.0167841
0.0197608
0.0280354
0.0346911
0.0146839
0.0147581
0.0190804
0.03627
0.0417738
0.0387415
-0.0145139
-0.0134125
-0.0142366
0.00905162
0.00773518
0.00811569
0.0263823
0.0298545
0.024583
-0.0119761
-0.00853763
-0.00851692
0.00760299
0.00973464
0.0069493
0.00847728
0.0108196
0.0139875
-0.011982
-0.0115088
-0.00688468
-0.0145442
-0.0103368
-0.0132437
0.0159615
-0.013532
-0.0133093
0.0191597
0.0188079
0.016207
0.0197103
0.0188224
0.0213782
0.0151054
0.0128216
0.0143015
-0.01654
-0.0155536
-0.015341
-0.0159155
-0.0128089
-0.0137933
-0.0204307
-0.0174306
-0.0201693
-0.0167254
-0.017424
-0.0159245
-0.015758
-0.0132823
-0.0141224
-0.0325747
-0.0376008
-0.0404681
-0.0289827
-0.0262745
-0.0299948
0.0105235
0.0137758
0.00990848
0.012543
0.0128191
0.0127844
-0.0344013
-0.0399099
-0.046639
-0.024818
-0.0207281
-0.0208965
-0.0114535
-0.0105312
-0.00772702
-0.0108082
-0.0106981
-0.0121066
-0.0277954
-0.0225255
-0.0257252
0.00711991
0.00656193
0.00724652
0.00637749
0.00670237
0.00657593
0.00848059
0.00776571
0.00745771
0.00940324
0.00926094
0.00897993
0.00974344
0.00956878
0.00904496
0.0100662
0.0101344
0.0101975
0.00883559
0.00842095
0.00915535
0.00781463
0.00702583
0.00680127
-0.0102512
0.00685253
-0.00831634
-0.0178363
-0.0152905
-0.0137601
0.00630484
0.00592445
0.00607931
0.00667004
0.00697837
0.00638705
0.00535773
0.00417262
0.00575851
0.00372888
0.00331782
0.00289922
0.00604632
0.00898521
0.00620442
0.00934662
0.0102786
0.0102411
0.00817723
0.00801202
0.00906552
0.0096243
0.00962282
0.00874523
-0.00624051
0.000901603
0.00206818
-0.0112298
-0.00954355
-0.0070478
-0.0120678
0.00843331
0.00847991
-0.0150343
-0.0149519
-0.0093388
-0.00989755
0.0052259
-0.0101218
0.00982868
0.0100585
0.00771986
0.0100791
0.0106251
0.0114221
0.0167044
0.0124681
0.0161721
0.00502108
0.00437195
0.0041869
0.00701848
0.00691003
0.00692396
0.00789852
0.00856288
0.00732013
0.0205053
0.0250624
0.0215265
0.0205882
0.0178102
0.0199091
0.0155526
0.0164211
0.0156187
0.0135645
0.0124448
0.0138672
-0.0215677
-0.0161944
-0.0206452
-0.0195644
-0.010596
-0.00877424
-0.0241294
-0.0272206
-0.0215052
0.0123459
0.00986004
-0.0144693
-0.00959179
0.00281018
-0.00677443
-0.014762
-0.016606
-0.00661903
-0.0269216
-0.02175
-0.0292587
-0.0211303
-0.0121342
-0.0122995
-0.0264658
-0.023525
-0.0169482
-0.0246993
-0.0214328
-0.0292143
0.00997097
0.0121629
0.0107117
-0.0162267
-0.0159378
-0.0165097
0.0287277
0.025973
0.025553
0.0362255
0.0353203
0.0273256
0.0155105
0.0111603
0.0162345
0.0108414
0.00652711
0.00645628
0.0146957
0.0128913
0.00949912
0.0247871
0.0284833
0.0223019
0.0267839
0.016425
0.0208719
0.0154212
0.0236915
0.0178304
0.0218147
0.0236076
0.0234711
0.0227543
0.0189291
0.0183779
0.0205605
0.0197436
0.0237401
0.0129646
0.0139411
0.0143898
0.0101522
0.00947465
0.0109897
0.012864
0.0145317
0.00997741
0.00766944
-0.011424
0.00765509
0.00805858
-0.00883808
0.00819142
0.0225225
0.0257918
0.0231419
0.0247468
0.0202459
0.0215614
0.00190959
0.00302372
0.00363655
0.00133739
-0.000872964
0.00101559
0.00270499
0.00296063
0.00389821
0.00502153
0.00481467
0.00375175
0.00904251
0.0100013
0.0111183
0.0100718
0.0101095
0.0103744
0.0132501
0.0152478
0.0132234
0.0150724
0.0136402
0.0147341
0.0136212
0.0147086
0.0145259
0.0103896
0.010894
0.0120315
0.00789121
0.00813654
0.00837397
0.00733467
0.0066697
0.00746974
0.00674111
0.00648026
0.0056765
0.00991723
0.010337
0.00970807
0.0116073
0.0126911
0.0117164
0.0115073
0.0122935
0.0110661
0.00204325
0.00194222
0.00305952
0.00505059
0.00314735
0.00544725
0.00977681
0.00885517
0.00974155
0.0086823
0.00948928
0.00961343
0.00900735
0.00848889
0.00777911
0.0112976
0.0117374
0.0103238
0.00949246
0.0103118
0.00892105
0.00805467
0.00848579
0.00898952
0.0101826
0.0102147
0.0109206
0.0139234
0.0129029
0.0143383
0.0126156
0.0135192
0.0134961
0.0135961
0.0123979
0.012419
0.0103005
0.0102527
0.0105393
0.00995484
0.00895909
0.0111609
0.00478856
0.00496051
0.0037959
0.00296926
0.0027455
0.00382615
-0.000765529
0.00142857
0.00112312
0.00302117
0.00190814
0.00362002
0.0204869
0.0250545
0.0210621
0.0233851
0.0221057
0.0211737
-0.00921645
0.00835372
0.00869516
-0.00968656
-0.0152206
-0.014912
-0.0114961
0.00785424
0.00753637
0.0144485
0.0128028
0.00983238
0.0094412
0.0101562
0.0110363
0.0142782
0.0132698
0.0146135
0.0205201
0.0212074
0.0248335
0.0196532
0.0232923
0.0189193
0.0238107
0.0219136
0.0235246
0.0237601
0.0153426
0.0176866
0.0167649
0.0272477
0.0213931
0.0297898
0.0254705
0.0225453
0.0128457
0.0145757
0.00940537
0.00637736
0.0106228
0.00626117
0.0109502
0.0152973
0.0160665
0.0356187
0.0364596
0.0277444
0.0264508
0.0289596
0.0259224
-0.0157093
-0.016001
-0.0162814
0.0122607
0.0104207
0.0110605
-0.0212571
-0.0245967
-0.0287694
-0.0231057
-0.0260751
-0.0164888
-0.0118104
-0.0209192
-0.0122035
-0.021579
-0.0267287
-0.0289707
-0.0166382
-0.0148712
-0.00680651
0.00279356
-0.00981134
-0.00678761
0.0100121
0.0122888
-0.0144408
-0.026997
-0.0240541
-0.0214903
-0.0106785
-0.0196594
-0.00885683
-0.0163844
-0.0218079
-0.0209979
0.0120676
0.0129473
0.0133123
0.0162067
0.0154831
0.0153077
0.0122639
0.0159619
0.0145562
0.0204893
0.0189085
0.0195348
0.0101457
0.0105034
0.0087143
0.00662885
0.00980171
0.00931075
-0.00907575
0.0070608
-0.00787035
0.00823741
-0.00795007
0.00704001
0.0056081
-0.0094615
-0.0098417
0.00744177
-0.0124351
-0.00870716
-0.0104793
-0.0110699
-0.00716115
0.00121583
-0.00552811
0.00265665
0.00890671
0.00856342
0.00885833
0.00771423
0.00827956
0.00872018
0.00868888
0.0106204
0.0111772
0.00942278
0.0119962
0.00687925
0.00546404
0.00625513
0.00578897
-0.0149954
-0.0187736
-0.0136973
0.00676468
-0.0108029
-0.0085304
0.00726365
0.00818795
0.00722482
0.00901002
0.00919456
0.00937897
0.0100901
0.0101586
0.0102409
0.00962942
0.00986728
0.00920283
0.00952574
0.00972139
0.00935618
0.00808859
0.00886669
0.00767454
0.00655271
0.00615175
0.00645977
0.00644084
0.00703461
0.00727961
-0.0225187
-0.027462
-0.0255229
-0.0106917
-0.0111218
-0.0123519
-0.0108669
-0.011634
-0.00809468
-0.0397223
-0.0349498
-0.0466967
0.0123944
0.0117491
0.0117332
0.0139786
-0.0136044
-0.025694
-0.0293627
-0.02962
-0.0382361
-0.0337792
-0.0412746
-0.0265946
-0.0235055
-0.0163064
-0.012857
-0.0165001
-0.0143646
-0.018526
-0.0183786
-0.0169489
-0.01773
-0.0213599
-0.0199949
-0.0126648
-0.0157861
-0.0136739
-0.0158108
-0.0166775
-0.0160039
0.0117325
0.0143012
0.0129984
0.0179059
0.0197021
0.0206917
0.0205244
0.0207156
0.0179072
-0.0145522
0.0171866
-0.0136083
-0.0107203
-0.0167423
-0.0148271
-0.0182621
-0.0173288
-0.015164
0.00774588
0.0163812
0.011749
0.00766598
0.00778213
-0.00954628
-0.0138905
-0.0092005
0.0303491
0.0267373
0.0249547
0.00762431
0.00896462
0.00795282
-0.013501
-0.0144971
-0.0141937
0.041047
0.0361514
0.037617
0.0145212
0.01406
0.0179744
0.0262929
0.0191732
0.0337566
0.0246765
0.014906
0.0163787
-0.00681214
-0.00590373
-0.00592307
-0.00678831
-0.00575976
-0.00862789
-0.0108536
-0.00741534
-0.0097177
-0.00846781
-0.00783962
-0.00821397
-0.00541466
-0.00435001
0.00922875
0.0388564
0.0316605
0.028124
-0.0100716
-0.00735742
-0.00498636
0.0117441
0.00635235
0.0128749
-0.0198137
-0.0160782
-0.0127451
-0.0166737
-0.0175021
-0.0139726
-0.00871601
0.00459113
-0.00655623
-0.0028318
-0.00314879
-0.00618206
0.00825526
0.00906918
0.00955291
-0.00319461
-0.00886864
-0.00733678
0.0075914
0.00747091
0.00732543
-0.00648196
0.00624056
-0.00868126
-0.00859458
-0.00760212
-0.0104747
-0.0108547
-0.00715317
-0.00942277
0.00815986
0.00824651
0.00938435
0.00744343
0.0067328
0.0064008
0.00588739
0.00660614
0.00666323
0.00978151
0.00977426
0.00922014
0.00704859
0.00840008
0.00677426
0.00679142
0.00851359
0.0075416
0.00962665
0.00978674
0.00935841
0.0078074
0.0085827
0.00719251
0.00738058
0.00865865
0.00787172
0.0620868
0.0445189
0.0411743
0.0404067
0.0443622
0.0436983
0.0897826
0.0795849
0.0583256
0.0446327
0.0439565
0.0352402
0.0445756
0.0432331
0.0269476
0.0388244
0.0266877
0.0400432
0.0518105
0.0596799
0.0830283
0.0806548
0.0500381
0.0268293
0.0527448
0.0451075
0.102457
0.0647112
-0.0428615
0.0369138
0.0404156
0.0900623
0.0608684
0.0489961
0.047315
0.0384153
0.0267317
0.0297675
0.0219789
-0.0225752
-0.0269597
-0.0206476
-0.0221931
-0.0314172
-0.0266602
-0.0261567
-0.0387985
-0.0346183
-0.0430366
-0.0478336
-0.0371866
-0.0363474
-0.058123
-0.0456685
-0.0623491
-0.044458
-0.0312114
-0.0541547
-0.0411625
-0.0614758
-0.0662878
-0.0556571
-0.0110499
-0.00617956
-0.00760388
-0.0030236
0.00184556
-0.00204166
0.0110842
0.0112127
0.0113128
0.0113069
0.0127149
0.0138891
-0.00425374
0.00263877
-0.00343743
0.0310277
0.024169
0.0262389
0.0191127
0.0220883
0.0190077
-0.0241466
0.0259821
0.027108
0.0399939
0.0293333
0.035059
-0.0187876
-0.0092461
-0.00789498
-0.00954121
0.0060835
-0.00731234
0.0147414
0.00962492
0.0172657
0.0314722
0.0168056
0.0350582
-0.028659
-0.0140704
0.00820903
0.0199388
0.0259971
0.0184664
0.0279808
0.0157632
0.0400774
0.0384826
0.0325803
0.0450093
0.0355818
0.0472482
0.0484965
0.0468495
0.0226453
0.018135
0.0201091
0.0298629
0.0352241
0.0394175
0.0391872
0.0409886
0.0406267
0.04779
0.0327086
0.0337276
0.00670211
0.00834732
-0.0184897
-0.0335496
-0.01638
-0.0318351
0.0195184
-0.0348713
-0.0361887
-0.0433496
-0.0449667
-0.0310553
-0.0179804
-0.0330135
-0.0433075
-0.0413119
-0.0385905
-0.0377455
0.0255184
0.0215231
0.0266044
-0.00758435
-0.00852511
-0.00690976
-0.0093325
-0.00873558
-0.00659987
0.0218585
0.0185941
0.0248945
-0.0178233
-0.0332594
-0.0372713
-0.0213812
0.00343968
0.0037104
0.00813449
0.0082311
-0.0101018
-0.00959748
0.00794703
0.00349736
0.00605995
0.00495603
0.00195093
0.00522905
0.00572388
-0.0053154
0.0052637
-0.00632716
-0.0074613
-0.00727376
0.00918597
0.0121779
0.0126303
-0.00527583
-0.00403456
-0.00274281
0.00475525
-0.00643877
0.00792388
-0.0129656
-0.0115527
-0.00813121
-0.0162558
0.00701055
0.0077982
0.0397607
0.0295329
0.0319541
0.0152841
0.00781642
-0.0199194
-0.03558
-0.0223393
-0.036124
-0.0232524
0.00899592
0.01373
0.0320003
0.0300175
0.035706
0.0299479
0.0348298
0.03094
0.0317247
0.0340918
0.0295113
0.033335
0.0374242
0.0392489
0.0330746
0.0479653
0.0275702
0.0328556
0.0393897
0.0318155
0.0218658
0.0277349
0.0264464
0.0078127
-0.0129442
-0.0143205
-0.0244283
-0.0242573
-0.0193837
0.0204634
-0.0227526
0.0242215
0.0167866
0.0161206
0.0156307
0.0140177
0.0114713
0.0119539
0.00716404
0.00783609
0.00714929
0.00684514
0.00685515
0.00807884
0.00715224
0.00609833
0.00612196
0.00561465
0.00656292
0.00723461
0.00437988
0.00436501
0.00387162
0.00399001
0.00402089
0.00423338
0.00412397
0.004077
0.00558788
0.00708431
0.00481918
0.00733181
0.00878352
0.00796472
0.0100396
0.0101065
0.00860266
0.00898416
0.00667574
0.00622495
0.00590218
0.00574658
0.00696394
0.00570911
0.00635201
0.00725205
0.00691542
0.0084363
0.00886394
0.00925896
0.00984481
0.00986634
0.00947805
0.00892243
0.00951184
0.00897285
0.00843427
0.00862158
0.00755676
0.00366105
0.00352526
0.00454588
0.00511763
0.00400376
0.00475614
0.00317508
0.00247347
0.0027269
0.00154523
0.00142698
-0.000939945
-0.00201304
-0.00265784
-0.00253938
-0.00256382
-0.00258172
0.0023618
0.00268492
0.0027073
0.00263274
0.0113874
0.0133552
0.0127817
0.0124859
0.00942249
0.0115818
0.00939189
0.00987162
0.010453
0.0105644
0.00862499
0.00864844
0.00464826
0.0053652
-0.00553501
-0.00553979
0.00555675
0.00526685
0.00742835
0.00742378
0.00773264
0.00787114
0.0086146
0.00859634
0.00886616
0.0107914
0.0100989
0.018402
0.0133029
0.0140793
0.0253504
0.0277946
0.0310928
0.02793
0.0252566
0.0204706
0.0151651
0.0177027
0.0156015
0.0151591
0.0192519
0.0171376
0.023749
0.0247141
0.0262072
0.0213501
0.024449
0.0210246
0.00974481
0.00978067
0.00992933
0.0200757
0.0197606
0.0234704
0.0243377
0.0218921
0.0229898
0.0171312
0.0193553
0.0153988
0.0159182
0.018073
0.0162578
0.00626784
0.00480668
0.0074051
0.00590344
0.00700744
0.00586536
0.00562291
0.00663801
0.00565433
0.00654367
0.00796185
0.00757494
0.00764224
0.00734128
0.00582659
0.00361886
0.0044345
0.00371984
0.0155932
0.0168005
0.0153878
0.0141739
0.0172403
0.0152226
0.0201643
0.0185885
0.0176891
0.0155704
0.0144375
0.0168888
0.00695723
0.00824017
0.00757856
-0.00549041
-0.0231196
-0.0182614
-0.0240641
-0.00467169
-0.0174654
0.0102222
0.00975534
0.0115086
0.0141067
0.0146397
0.0170087
0.0162698
0.0179536
0.0172387
0.0147167
0.0157397
0.013977
-0.0249516
-0.0210814
-0.0209688
0.0197274
0.0167986
0.0169239
0.0119923
0.00960629
0.0100802
-0.0171595
-0.0228797
-0.0268986
0.00720835
0.00760683
0.00825595
-0.0556295
-0.066246
-0.0622073
0.00204252
0.00286245
0.00310369
0.00594538
0.00359288
0.00303635
0.00437736
0.0090787
0.00799343
0.00779403
0.00780002
0.00929567
0.00573148
0.00637292
0.00547815
0.00919155
0.00500989
0.00557462
0.00650041
0.00590221
0.0119864
0.00940593
0.0118774
0.00531565
0.00926041
0.0225828
0.0148238
0.0121782
0.0195908
0.019256
0.0163016
0.0132324
0.00826131
0.0206843
0.022111
0.00949406
0.0226182
0.0235719
0.0192015
0.0168919
0.0155195
0.0237017
0.0218508
0.0169735
0.0233638
0.0214784
0.0228964
0.0249645
0.0195906
0.0146233
0.00860268
0.0110947
0.00855802
0.00901189
0.0117915
0.0132927
0.0196701
0.0169729
0.0255372
0.0253093
0.0223651
0.0206409
0.0247835
0.0205746
0.0156326
0.0218525
0.016267
0.0144679
0.0157719
0.023369
0.0162608
0.0137783
0.0171317
0.0253496
0.0333011
0.0358917
0.03367
0.0227951
0.00397302
0.00495539
0.0128568
0.0101483
0.010004
0.00943358
0.00751776
0.00710225
0.00678939
0.00638472
0.0068096
0.0080149
0.00495065
0.00585214
-0.00517197
-0.00599367
-0.00547146
0.00642482
0.00572392
0.00212585
0.0083226
0.00917116
0.0127232
0.0127344
0.0134634
0.0073559
0.00796916
0.0143859
0.00276155
0.00314692
0.0029746
0.0028364
0.00144864
-0.00220071
-0.00260619
0.00105972
-0.00181235
-0.00170361
-0.00125871
-0.000980038
0.000546529
0.00205219
0.00329315
0.00162077
0.00471441
0.00332888
0.0045042
0.00536799
0.00623006
0.00361403
0.00567377
0.00696182
0.00597323
0.00371727
0.00588869
0.0057381
0.00818033
0.0089246
0.00847263
0.00812434
0.00812238
0.00957687
0.00892059
0.00773048
0.00865021
0.00928121
0.00988966
0.0100175
0.00953181
0.00786525
0.00716948
0.0080826
0.00679718
0.00741113
0.00547859
0.00565045
0.00484583
0.00442673
0.00483281
0.00601335
0.00518384
0.00617076
0.00718612
0.0069009
0.00932035
0.00734705
0.0113886
0.0103563
0.0115664
0.00476804
0.00804149
0.0100785
0.00909611
0.00403905
0.0069981
0.00748906
0.00683604
0.00406075
0.00452063
0.00581727
0.00567867
0.00436602
0.00362236
0.00478164
0.00834796
0.00677848
0.00721391
0.00707694
0.00939466
-0.0127296
0.0135364
0.0158213
0.0156229
-0.0188674
0.0206474
0.0159485
0.0252588
-0.0217705
0.0121654
0.0193975
0.00843569
-0.0206539
-0.0228433
-0.0252301
-0.0170065
0.00765602
0.029131
0.0192836
0.0346528
0.0217286
0.0125125
0.0306065
0.0300481
0.0277313
0.0410601
0.0366936
0.0286948
0.0356075
0.0295766
0.0214184
0.0290722
0.0337938
0.0162271
0.0320282
0.0301597
0.0276015
0.0140908
0.0180609
0.0230459
0.0200125
0.00676205
-0.0365515
-0.0420528
-0.0430971
0.00664739
-0.0329804
-0.0412753
-0.0423811
0.015496
0.0104132
-0.0223522
0.00466887
-0.00960339
-0.0088217
-0.0128057
0.0117857
-0.00552367
-0.00171376
0.00577797
-0.00598164
-0.00577366
-0.0069467
-0.0103182
-0.00832998
-0.00553692
-0.00485894
0.00564362
-0.00421012
0.00544019
0.0092962
-0.00658052
-0.0144595
0.0143718
0.0134421
-0.00972106
0.0106943
0.0139128
-0.018565
-0.00904631
-0.0196727
-0.0382129
-0.0139474
0.0151768
0.0114503
-0.0107022
0.0173538
-0.0105078
-0.00856936
0.0250188
-0.0339912
-0.0406218
0.0184221
-0.0508137
-0.0429266
-0.0521212
-0.0235176
0.0107312
0.018153
-0.0174398
-0.0475228
-0.0434022
-0.040153
-0.0273261
0.0154355
0.012221
-0.0343602
-0.0398673
0.0186209
0.018096
0.00699937
0.0342283
0.0345593
0.0410745
0.0447558
0.0412756
0.0361934
0.0356044
0.0301526
0.0361846
0.0244038
0.0254975
0.0446941
0.0423616
0.0484995
0.0347405
0.0178374
0.0488815
0.0152165
0.0290308
0.0342617
0.0254755
0.0289942
0.0279811
0.0204195
0.020217
0.0118642
0.0319275
0.0100249
0.00995814
-0.0105978
0.00583121
-0.0130457
-0.0141218
-0.0159893
0.0165562
-0.0310688
-0.0340816
-0.0414706
0.0247907
-0.031273
0.0485118
0.0306691
0.0238933
0.0196008
0.0218272
0.0226131
0.0203829
-0.00450705
-0.00597042
0.00484323
0.01055
0.0143641
-0.0078922
0.0137795
0.0114288
0.00745236
0.00890486
-0.00330961
-0.00575293
-0.0110836
-0.020294
-0.0409165
0.052008
-0.0703541
-0.068684
0.0182159
-0.0683389
-0.0631446
-0.0270125
0.0327773
0.0290151
-0.0567636
-0.0426386
-0.0397541
-0.0637014
-0.0386547
-0.0302946
0.0305406
-0.026868
-0.0159738
-0.0114956
0.0272832
-0.0217537
-0.0181213
-0.0224261
0.0430853
0.0279631
0.0186099
0.0306141
0.0486167
0.077294
0.0530376
0.0830171
0.0518107
0.063609
-0.0444878
-0.0414358
0.0495988
0.0472904
0.0596302
0.0803321
0.0565078
0.065063
0.0806383
0.0510037
0.0520654
0.0267728
0.0266716
0.0162079
0.0436019
0.0362602
0.0257877
0.0391717
0.0435748
0.0405845
0.0341786
0.0632973
0.0494407
0.0750221
0.0453129
0.0775402
0.0470363
0.0420505
0.0419826
0.0619047
0.00808461
0.00962029
0.00910689
0.00651691
0.0093614
0.00817646
0.00880355
0.00981236
0.00845903
0.00854555
0.00679101
0.00905832
0.0063281
0.00611506
0.00561546
0.00937105
0.0074809
0.00595201
0.00838886
0.00916635
0.00732092
0.00732249
0.00666372
0.00567057
0.00564357
0.00777308
0.00870647
0.00738744
0.009803
0.00652012
-0.00940379
-0.0110479
-0.0131173
-0.00731526
-0.0138379
-0.01736
-0.0123401
0.00657843
-0.010772
-0.0116303
-0.0137413
0.00743245
0.00667481
-0.00851385
0.00618503
0.0063128
-0.0101564
-0.00312151
0.00782123
0.00571164
-0.0109151
0.00332137
-0.00794101
-0.0149501
-0.0108578
-0.0221887
-0.0167304
-0.0148634
0.00932957
-0.0124232
0.0121117
0.0183766
-0.00469761
-0.00406541
0.0102356
0.0189695
-0.00907925
-0.0106156
0.0121766
0.0101488
-0.00662347
-0.00909722
-0.00789834
-0.00985582
-0.0118544
-0.00630305
-0.0112557
-0.014123
-0.0102851
-0.0041786
-0.00537034
-0.00586686
-0.00795702
-0.00567851
-0.00915429
-0.00885307
0.0192867
0.0147126
0.0390635
0.033223
0.0412379
0.0135064
0.0238154
0.0327327
0.0275757
0.0509048
0.00967505
0.00765863
0.0194525
0.021877
0.0279687
0.0394471
-0.0069644
0.00615416
-0.0157391
-0.0099167
-0.00724829
-0.00604279
0.00542459
0.00811153
0.0144584
0.0104866
0.0161202
-0.0104656
0.0063838
0.0125732
0.00729588
-0.015391
-0.0130711
-0.0111155
-0.0124947
-0.00581036
-0.0117911
-0.010142
0.0163191
0.0182417
0.01311
-0.012895
0.0118303
0.019447
0.0207177
0.0175665
0.0196734
0.0176874
0.0156138
0.0167696
0.0131429
0.0153224
-0.014713
0.0127688
-0.0166405
-0.0151794
-0.0178409
-0.0221806
-0.0233991
-0.0179372
-0.0156513
-0.0160013
-0.0164317
0.0135015
-0.0184991
-0.0111027
0.0118041
-0.0257592
-0.0283052
-0.0323482
-0.0362198
-0.0264118
-0.0209352
0.0101111
0.0165593
0.0126863
0.0105224
-0.0421442
-0.0270776
-0.0313099
-0.0301288
-0.0177615
-0.0123454
-0.027549
-0.017937
-0.020684
-0.0148349
-0.0188852
-0.0146075
-0.0139026
-0.0160431
-0.0271192
-0.0225775
0.00790011
0.00718104
0.00692672
0.00608534
0.00685749
0.0067065
0.00725856
0.00874761
0.00916628
0.00798623
0.00958394
0.00864854
0.00999433
0.0100009
0.0100743
0.0094488
0.00970024
0.0102247
0.00937896
0.00850434
0.0077338
0.00795965
0.00689491
0.00668832
0.00672609
0.00526904
0.00185706
0.00619839
0.00706237
0.00286222
0.00687092
0.00522917
0.0034373
0.00371022
0.00236822
0.00531684
0.00426937
0.00347859
0.00669911
0.00741837
0.0110591
0.0138487
0.0101196
0.00808884
0.00986928
0.0101306
0.00953221
0.00775976
0.00795965
0.00984083
0.00402562
-0.0103579
-0.0118298
-0.00360468
0.00424059
-0.0157205
0.00879957
0.00947254
0.0128834
-0.0170852
0.00846703
0.0145047
0.00828766
-0.0147761
-0.0175924
-0.0146629
-0.0101181
0.0069619
0.00937943
0.0117136
0.0079883
0.0113168
0.0163352
0.0185253
0.011031
0.00568731
0.00369138
0.00664324
0.00651778
0.00314434
0.000629365
0.00730766
0.00688987
-0.00122047
0.00839525
0.012625
0.0140469
0.00921363
0.0220324
0.0190644
0.0223884
0.0233154
0.0131719
0.0150786
0.0144671
0.0135696
0.0153189
0.0175447
0.0138123
-0.019395
-0.0187464
0.010826
-0.0192925
-0.0229178
0.00769078
0.00808787
0.0097473
-0.0238452
-0.0124218
0.00682714
-0.0149629
-0.0199227
-0.0256662
-0.0322353
-0.0218454
0.00649394
-0.0135369
0.00802025
-0.0193968
-0.0148058
0.0047837
0.00715537
-0.024406
-0.0279743
-0.0269276
-0.012004
-0.00781358
-0.0272214
-0.0117728
-0.00968539
-0.0131951
-0.029747
-0.0292062
-0.0195491
0.0114977
0.0145409
-0.018304
-0.014071
0.022384
0.0318143
0.0363738
0.0261439
0.0248846
0.0280074
0.0252269
0.0314324
0.0181209
0.0147452
0.00634535
0.00778187
0.00414329
0.0155877
0.00602334
0.00330174
0.00466929
0.0204907
0.0151815
0.00799043
0.02773
0.0118592
0.0192511
0.0262933
0.0205247
0.0165527
0.0209789
0.0185099
0.0090194
0.0205682
0.020463
0.0113388
0.0234046
0.0151263
0.0145742
0.0179182
0.0147541
0.0116833
0.0125224
0.0141523
0.0122607
0.0118438
0.00710784
0.00803257
0.00837255
-0.0140649
0.0142925
0.0150161
0.0222171
0.0216714
0.0149912
0.0140635
0.00401945
-0.00280193
-0.00191873
0.00174644
0.00213464
0.00116066
0.00268296
-0.000675826
0.00573347
0.00306098
0.00274527
0.00158083
0.00734038
0.00599053
0.011464
0.0107635
0.0115354
0.00424618
0.00522374
0.00969207
0.0134543
0.00669836
0.0075965
0.0155499
0.0147916
0.013484
0.0110465
0.0111196
0.0110325
0.0136656
0.013168
0.0104402
0.0088902
0.0100333
0.00735349
0.00838124
-0.0010414
0.00698168
0.00568594
0.00164664
0.00244543
0.00874964
0.0084985
0.00309477
0.00969756
0.0102278
0.0103568
0.0103735
0.0050255
0.00630644
-0.000796506
0.00186016
0.00379426
0.00120399
0.00963856
0.0100697
0.00749862
0.00751055
0.00887478
0.00998293
0.0036385
0.00717004
0.00452112
0.011449
0.00959838
0.00787028
0.00998162
0.00851112
0.0124592
0.0115576
0.012123
0.01239
0.00246903
0.00206885
0.00971714
0.00998231
0.00686806
0.0014452
0.00218952
0.00897956
0.0137235
0.014343
0.0144146
0.0143848
0.0143017
0.0104974
0.0126045
0.0134812
0.0115665
0.00649557
0.00626026
0.0096553
0.0115764
0.00529704
0.00433576
0.010743
0.0123535
0.00713953
0.0058103
0.00793012
0.00339417
0.00281312
0.00414705
0.00558254
0.00299735
0.00157682
0.0022578
0.00281162
-0.0018281
0.0018261
0.00803079
0.00463882
0.0206027
0.0181444
0.0246552
0.0231571
0.0197539
0.0144743
0.0201502
0.0152677
0.00885399
-0.0145508
-0.0153348
0.00821105
-0.0135832
-0.0147562
0.00804427
-0.0175273
0.00763313
0.00911821
-0.0195576
0.0121204
0.00756947
0.00700064
0.0179306
0.0205753
0.0165362
0.0117333
0.0126447
0.0115328
0.0146274
0.0151654
0.0215195
0.0209196
0.0187622
0.0212085
0.026332
0.0192137
0.00921249
0.0279633
0.0119591
0.00662012
-0.00930008
0.0255587
-0.00773739
0.0317918
0.0196905
0.01524
0.028138
0.0225656
0.0322753
0.0204273
0.00594342
0.0153977
0.00610702
0.0145289
0.0252213
0.0279563
0.0267022
0.037012
-0.01811
-0.0138052
-0.0158236
-0.0144154
-0.0193595
-0.0128439
0.0108596
-0.0098004
0.01351
0.0145661
0.0112587
0.00761048
-0.0266244
-0.0287987
-0.0222361
-0.0135653
-0.0196619
-0.0295613
-0.0113175
-0.0270065
-0.0121078
-0.0268939
-0.0319462
-0.0277533
-0.0150229
-0.0244289
0.00653289
0.00468681
-0.0217751
-0.01505
0.00778589
0.00700646
-0.0254555
0.0130039
0.0141659
-0.0197612
-0.012475
-0.0238577
-0.00709397
-0.0230112
-0.0191493
-0.0195174
0.0148656
0.0129311
0.014483
0.0170878
0.0119893
0.0173023
0.00932446
0.00985442
0.0146057
0.0182629
0.0146218
0.0150127
0.0023306
0.00285748
-0.00883161
-0.0068833
-0.0079528
0.00181895
0.00525758
-0.00966144
0.0079975
0.00779001
0.00817258
-0.00431042
0.00943102
-0.0100478
0.00438555
-0.00977395
-0.0102213
-0.0153396
-0.00336532
-0.0112555
0.0132394
0.00652341
0.00865511
0.00904493
0.00884002
0.0100623
0.0085957
0.00622999
0.00622919
0.00947758
0.00844835
0.011864
-0.00673754
0.00469793
0.00488215
0.00376857
0.00282583
0.00312615
-0.0114972
-0.0149608
-0.0118169
-0.0200237
-0.0259194
-0.0205428
0.00811158
-0.0102352
0.0070123
-0.00567964
-0.0140319
-0.0144416
-0.00667265
0.00850747
0.00606571
0.00731297
0.00909319
0.00885655
0.00949251
0.00964878
0.00994567
0.0100981
0.0082987
0.00884983
0.00952234
0.00980912
0.00891167
0.0083534
0.00905676
0.0095067
0.0065903
0.00700544
0.00677748
0.00678114
0.00577196
0.00570329
0.00763656
0.00546886
-0.0188381
-0.0141893
-0.017936
-0.0273876
-0.00891448
-0.00827625
-0.00618141
-0.0125623
-0.0105423
-0.0178569
-0.0416212
-0.0294183
-0.0311273
-0.0277681
-0.0369806
0.0115043
0.0115971
0.0106617
0.0120487
0.0128739
-0.0122578
0.0184101
0.0187764
-0.0139062
-0.017166
-0.0322008
-0.021491
-0.0247981
-0.0298505
-0.0275222
-0.00596141
-0.00998573
-0.0199138
-0.0172287
-0.0179139
-0.0185379
-0.0162384
-0.019862
-0.0165603
-0.0130196
-0.0109859
-0.0152321
0.0103063
-0.0116909
0.0171743
-0.0165473
-0.0153122
0.0150813
0.0141305
0.0176179
0.0200437
0.0214043
0.015097
0.0203536
-0.0155677
0.0195804
-0.0179257
-0.00702357
-0.0188915
-0.0203664
-0.0170712
0.0199621
0.0181524
0.00734138
-0.00824707
-0.0129229
0.0335477
0.0191865
0.00671495
0.0082743
0.00603493
0.0097375
-0.0148561
-0.0117191
-0.0110516
-0.00866849
-0.0138172
-0.0139982
0.0308257
0.0381975
0.0403056
0.0344558
0.024902
0.0223112
0.0162574
0.0126389
0.0097601
0.0127391
0.0386553
0.0139853
-0.00921449
-0.00579243
-0.00559766
-0.00427322
-0.0113544
-0.00635141
-0.00979481
-0.00779305
-0.00894868
-0.00902763
-0.0105808
-0.00643381
0.012649
-0.00443252
0.0273354
0.0190898
0.0510982
0.0536023
0.0309577
0.0199018
0.00966816
0.0106004
-0.0123434
-0.00374772
0.0185778
-0.0228794
-0.0226548
-0.0167764
-0.00821216
-0.0154563
0.00629159
-0.0113265
0.00339614
0.00645611
-0.0106131
-0.00325743
0.0074685
0.0055363
0.00905151
0.00920023
0.00820307
0.0100551
-0.00616542
-0.0119836
-0.00388879
-0.0187562
0.0066261
0.00727579
0.00718693
0.00728819
-0.0106698
0.00650746
-0.0129889
-0.00695926
-0.00924499
0.00658434
0.00908703
0.00784017
0.00545682
0.00665848
0.00578561
0.00520637
0.00733985
0.0080682
0.00967519
0.00933382
0.00586774
0.00899107
0.00866069
0.0099276
0.00842941
0.0095531
0.00579766
0.00660776
0.00702121
0.00921297
0.00692262
0.00610518
0.0469516
0.0500294
0.0439908
0.0402183
0.0503753
0.0468186
0.0428676
0.0661037
0.0547949
-0.0389492
-0.0410278
0.0304833
0.0505352
0.0347476
0.0427927
0.0270971
0.0508873
0.0795346
0.0643526
0.0537901
0.0791394
0.0586205
0.0358859
0.0637019
0.051733
0.0818836
0.0346955
-0.0435017
-0.0416496
-0.0307714
0.0303348
0.0518324
0.0765778
0.0488189
0.0279287
0.0409405
-0.0224152
0.0271688
-0.0166044
-0.026892
-0.0207305
-0.0117429
-0.0336997
-0.0418395
-0.015899
-0.0388527
-0.0637816
-0.0521657
-0.0283798
-0.0571343
-0.0668727
-0.0701005
-0.0396976
-0.0706805
-0.0063506
-0.0140786
-0.0100196
-0.00764324
0.00868772
-0.00481491
0.00468782
0.00731237
0.0101507
0.0115566
0.011419
0.0137993
0.0145897
0.0145177
0.00941983
0.0105886
0.0304651
0.0226342
0.0435122
0.0201054
0.0216365
0.0237067
-0.0316302
0.0249957
-0.0310212
0.0165927
-0.0129573
0.00570723
0.00978556
0.00975794
0.0278265
0.0314352
0.0203139
0.011626
0.0440667
0.0420486
0.0191723
-0.0397596
-0.0404348
-0.0177988
0.0153389
0.0177266
0.0295603
0.0121336
0.0285189
0.0148971
0.0250581
0.0133693
0.0345618
0.0494101
0.0363273
0.048759
0.0443124
0.0347885
-0.0274887
0.0138882
0.0229915
0.0356733
0.0354652
0.0408399
0.0340653
0.0194318
0.0187078
-0.0342097
0.0113081
-0.0409131
-0.0429188
-0.0427245
-0.044113
0.0196976
0.0243923
-0.0353746
-0.0480422
-0.0202633
-0.0512845
-0.042048
-0.0503719
0.0120243
0.0185187
-0.0422145
0.0282185
0.0262994
-0.0062229
-0.00906742
-0.00580175
-0.00690155
-0.00995084
-0.0107071
0.00416416
0.0177557
-0.0100234
-0.0107894
0.0298238
0.0146901
-0.0139251
-0.0372235
-0.0182556
-0.00650849
-0.0165234
0.00949284
-0.00881782
-0.0140365
-0.00679118
0.00556128
-0.00402362
0.00748854
0.00578656
0.00894328
-0.00471502
0.0073359
-0.0052302
0.00720753
-0.00792716
-0.00590354
0.00510228
0.0133545
0.0155116
0.00744464
0.0058351
0.0119727
0.0160024
0.00261549
0.00138602
-0.00552002
-0.00573235
-0.0128503
-0.00940138
0.0117726
0.0192334
0.0178924
-0.0246904
0.00907003
0.0152302
0.0337957
0.0309867
0.0140584
-0.0328726
0.00615739
-0.0371465
-0.00677125
0.0214334
0.0158108
0.0302002
0.0283858
0.0336855
0.0286996
0.0202181
0.0222932
0.0257461
0.0294089
0.029978
0.0349399
0.041353
0.0299905
0.0225572
0.0355248
-0.0225503
0.0095893
-0.0127105
-0.0202095
0.0129274
-0.0208701
0.0205075
-0.0183819
0.0157107
0.0137594
0.0139475
0.0156621
0.00557755
0.00652992
0.00669495
0.00828706
0.00798367
0.00690032
0.00578527
0.00536755
0.00610623
0.00546217
0.00789087
0.00823928
0.0057987
0.00474818
0.00791966
0.0081945
0.00448692
0.00372908
0.00570748
0.00751522
0.00447784
0.00364444
0.00491993
0.00495657
0.00549485
0.00453306
0.00439309
0.00425416
0.00686451
0.00435505
0.00792346
0.00514014
0.0112334
0.00763561
0.00721444
0.00643491
0.00565064
0.00604168
0.00849518
0.00777871
0.00748841
0.00826672
0.0097738
0.00951239
0.0086769
0.0097216
0.00870157
0.00926087
0.00544404
0.00272253
0.0029232
0.00341931
0.00440601
0.00347544
0.00218897
0.0018694
-0.000883675
-0.00173287
0.00103165
-0.00219596
-0.00167026
-0.00264739
-0.00102594
-0.00243828
0.00133643
0.00272805
0.000988881
0.00282676
0.0031111
0.00281958
0.0120026
0.0136185
0.00904749
0.00887506
0.0140998
0.0151949
0.0143185
0.0152044
0.0119216
0.0113895
0.00880009
0.00871036
0.00877284
0.00853652
0.00605281
0.00647802
-0.00515656
0.00602776
0.00684651
0.00637981
0.00723929
0.00735969
0.0081878
0.00664823
0.00867846
0.012416
0.00775078
0.0127125
0.0163613
0.0118313
0.0214006
0.0193296
0.0165668
0.0111098
0.0331878
0.0204109
0.0257388
0.024958
0.0163134
0.0229959
0.0160257
0.0211741
0.0195759
0.0239995
0.027223
0.0230381
0.0215581
0.0254614
0.00380054
0.00288092
0.0220413
0.0104253
0.01153
0.0178653
0.0188898
0.0219984
0.0138449
0.0211341
0.00639396
0.00596682
0.00717433
0.00357002
0.00202523
0.00746281
0.00534064
0.0095814
0.00587012
0.00934728
0.00823602
0.00847323
0.00384661
0.00561888
0.00202068
0.00303036
0.0162569
0.0131818
0.0157577
0.0193034
0.0170875
0.0150089
0.0133564
0.011235
0.00861752
0.00663476
0.00341935
-0.0108943
-0.00732785
-0.0103392
0.00438265
0.0120508
0.0108079
0.0087551
0.00727437
0.0173524
0.0133422
0.0164436
0.0180252
0.0156495
0.0177946
